#iteration,activeAgent,energyMean,costValue,walkGlobal,walkGlobalDeparture,AreaCovered,ReservoirSizeMean,RegrowDelayFoodItem
7999,186,564.034973,100.000000,433.476736,103.165167,0.004771,6.855000,25
15999,199,612.085022,100.000000,384.530916,112.638935,0.004531,7.985000,25
23999,198,584.825012,100.000000,402.427308,96.270792,0.004523,7.455000,35
31999,197,529.830017,100.000000,390.927639,115.474776,0.004379,8.600000,45
39999,195,465.954987,100.000000,389.904573,140.592643,0.004566,8.500000,55
47999,193,390.334991,100.000000,442.137664,107.068597,0.004924,9.485000,65
55999,191,391.144989,100.000000,443.707037,95.532121,0.004879,8.750000,75
63999,188,400.885010,100.000000,433.896686,147.190808,0.004990,9.700000,85
71999,183,290.325012,100.000000,418.296067,139.352415,0.004550,7.300000,95
79999,177,252.854996,100.000000,314.293668,113.436319,0.003777,8.470000,100
87999,179,300.924988,100.000000,332.501596,150.697987,0.003883,8.580000,100
95999,174,274.630005,100.000000,388.780491,94.034939,0.004281,7.800000,100
103999,180,368.545013,100.000000,371.216897,121.129521,0.004148,8.650000,100
111999,181,380.804993,100.000000,361.304818,48.405722,0.003989,4.875000,100
119999,188,368.024994,100.000000,354.169530,40.509442,0.004027,4.790000,100
127999,189,368.500000,100.000000,381.807554,43.002541,0.004372,4.360000,100
135999,183,330.570007,100.000000,285.174708,36.101280,0.003880,4.065000,100
143999,187,284.130005,100.000000,302.876229,28.221892,0.003877,3.435000,100
151999,170,304.130005,100.000000,300.895406,69.084003,0.004082,5.495000,100
159999,114,106.394997,100.000000,211.544933,119.544706,0.003413,7.030000,100
167999,180,276.019989,100.000000,250.650738,37.061971,0.003768,3.770000,100
175999,176,275.885010,100.000000,238.058203,61.790509,0.003780,3.835000,100
183999,177,306.945007,100.000000,216.568251,70.506779,0.003768,5.405000,100
191999,185,356.149994,100.000000,283.235902,99.639760,0.004220,5.830000,100
199999,169,345.734985,100.000000,304.665562,98.143812,0.004422,7.610000,100
207999,186,374.910004,100.000000,302.324097,56.066967,0.004171,4.980000,100
215999,185,405.424988,100.000000,316.455873,93.685354,0.004640,7.215000,100
223999,193,349.390015,100.000000,208.467547,34.884001,0.003482,3.285000,100
231999,197,397.614990,100.000000,271.629647,28.241577,0.003795,2.590000,100
239999,198,538.215027,100.000000,399.052022,57.777938,0.005002,5.150000,100
247999,193,526.330017,100.000000,436.341131,78.956827,0.004898,6.140000,100
255999,196,491.260010,100.000000,434.549411,45.097018,0.004693,4.225000,100
263999,198,486.720001,100.000000,419.382894,38.326307,0.004701,3.555000,100
271999,198,465.279999,100.000000,443.036666,47.201817,0.004876,4.220000,100
279999,199,441.114990,100.000000,416.220457,35.626602,0.004732,3.975000,100
287999,194,372.660004,100.000000,371.703557,37.563331,0.004335,3.350000,100
295999,196,405.385010,100.000000,388.647234,29.190766,0.004308,3.185000,100
303999,191,401.315002,100.000000,319.763412,20.842797,0.003844,2.385000,100
311999,194,369.855011,100.000000,255.467151,25.751146,0.003442,2.700000,100
319999,191,373.565002,100.000000,297.102425,26.833454,0.003794,2.745000,100
327999,191,423.390015,100.000000,354.577103,91.065620,0.004579,6.795000,100
335999,194,424.554993,100.000000,382.365819,69.954102,0.004577,5.610000,100
343999,198,428.454987,100.000000,298.179374,38.785831,0.003951,2.985000,100
351999,198,489.765015,100.000000,386.696283,56.706388,0.004774,4.345000,100
359999,198,421.329987,100.000000,289.706827,25.625641,0.003828,2.700000,100
367999,195,371.864990,100.000000,186.693714,21.689992,0.002676,2.365000,100
375999,192,414.250000,100.000000,257.394906,38.071774,0.003652,3.215000,100
383999,192,358.484985,100.000000,270.730171,23.177140,0.003496,2.360000,100
391999,196,379.529999,100.000000,265.729006,23.362346,0.003447,2.365000,100
399999,194,358.605011,100.000000,211.621077,20.230790,0.003072,2.350000,100
407999,191,454.339996,100.000000,251.072931,36.189430,0.003797,3.140000,100
415999,179,289.010010,100.000000,167.818634,41.428359,0.002906,3.170000,100
423999,184,339.049988,100.000000,162.530823,27.370129,0.002673,2.620000,100
431999,191,365.320007,100.000000,247.354236,35.106766,0.003654,2.780000,100
439999,197,430.524994,100.000000,216.471273,33.308989,0.003189,2.705000,100
447999,191,455.325012,100.000000,274.566806,57.479853,0.004124,4.445000,100
455999,196,337.980011,100.000000,142.322789,24.117240,0.002208,2.210000,100
463999,191,401.149994,100.000000,240.693766,32.341291,0.003442,2.645000,100
471999,175,335.799988,100.000000,188.736655,47.049787,0.003115,3.350000,100
479999,167,370.024994,100.000000,204.460506,34.508245,0.003219,2.790000,100
487999,192,449.279999,100.000000,341.172822,39.515851,0.004229,3.305000,100
495999,199,516.409973,100.000000,365.285860,52.272456,0.004673,4.735000,100
503999,199,517.659973,100.000000,391.402442,51.885097,0.004697,4.995000,100
511999,198,536.799988,100.000000,384.232801,60.085546,0.004661,4.615000,100
519999,199,488.024994,100.000000,356.577751,54.039200,0.004566,4.190000,100
527999,197,483.630005,100.000000,414.902854,62.718005,0.004788,5.180000,100
535999,198,467.540009,100.000000,415.924258,50.984612,0.004704,4.450000,100
543999,197,518.994995,100.000000,414.421790,98.972300,0.004865,7.540000,100
551999,199,463.450012,100.000000,365.732101,45.632455,0.004583,4.200000,100
559999,199,452.864990,100.000000,319.069132,41.454494,0.004187,3.820000,100
567999,195,517.690002,100.000000,402.578376,75.916153,0.004739,6.290000,100
575999,197,485.010010,100.000000,400.435006,54.859027,0.004629,4.795000,100
583999,199,570.599976,100.000000,395.989319,65.433871,0.004692,5.745000,100
591999,196,492.894989,100.000000,269.944427,66.701560,0.003979,4.810000,100
599999,198,510.644989,100.000000,335.095369,46.439777,0.004267,3.760000,100
607999,198,531.395020,100.000000,362.688816,45.393029,0.004418,3.780000,100
615999,198,540.174988,100.000000,331.166794,69.245330,0.004334,5.195000,100
623999,198,484.584991,100.000000,375.931505,42.756251,0.004535,3.690000,100
631999,173,400.325012,100.000000,305.347136,99.429337,0.004312,5.670000,100
639999,141,254.279999,100.000000,286.357142,84.374082,0.003819,5.470000,100
647999,180,342.809998,100.000000,457.960163,123.015674,0.005091,8.815000,100
655999,189,330.795013,100.000000,444.235330,84.705534,0.004844,7.230000,100
663999,185,323.404999,100.000000,443.912294,76.527343,0.004799,7.300000,100
671999,171,179.354996,100.000000,412.695482,229.231935,0.004591,8.700000,100
679999,175,227.985001,100.000000,396.325595,200.935391,0.004310,9.390000,100
687999,168,271.709991,100.000000,453.682725,161.632389,0.004980,8.180000,100
695999,172,267.994995,100.000000,461.181744,156.956806,0.004970,8.610000,100
703999,178,328.149994,100.000000,451.959910,176.376449,0.004802,7.370000,100
711999,179,296.119995,100.000000,450.816862,185.887132,0.004885,10.405000,100
719999,158,275.540009,100.000000,404.472593,199.203107,0.004464,8.725000,100
727999,169,347.704987,100.000000,407.749711,190.264350,0.004474,9.390000,100
735999,184,309.420013,100.000000,479.193017,133.776051,0.005081,7.525000,100
743999,190,400.350006,100.000000,439.146795,138.708342,0.004819,7.620000,100
751999,184,344.750000,100.000000,452.898323,149.576882,0.004924,7.035000,100
759999,198,532.260010,100.000000,451.516051,117.426594,0.004933,7.785000,100
767999,195,379.720001,100.000000,440.772835,80.354603,0.004742,4.770000,100
775999,182,403.515015,100.000000,385.133941,135.666767,0.004510,7.575000,100
783999,194,380.875000,100.000000,398.206837,72.337208,0.004744,5.775000,100
791999,196,408.440002,100.000000,401.185368,168.334380,0.004819,9.440000,100
799999,185,354.674988,100.000000,340.662357,147.381390,0.004116,8.335000,100
