#iteration,activeAgent,energyMean,costValue,walkGlobal,walkGlobalDeparture,AreaCovered,ReservoirSizeMean,RegrowDelayFoodItem
7999,136,240.985001,100.000000,224.423028,22.724941,0.002528,1.985000,25
15999,191,496.274994,100.000000,328.538697,11.474756,0.002651,2.540000,25
23999,192,522.549988,100.000000,364.654713,13.241849,0.003161,2.710000,35
31999,186,401.769989,100.000000,323.389416,27.346337,0.004070,3.305000,45
39999,178,383.644989,100.000000,398.835270,15.879307,0.003396,2.290000,55
47999,189,382.829987,100.000000,330.873260,19.420624,0.003424,2.310000,65
55999,189,371.045013,100.000000,377.685286,17.967480,0.003796,2.685000,75
63999,183,355.994995,100.000000,329.054418,22.677827,0.003752,2.905000,85
71999,179,312.595001,100.000000,350.980168,15.141527,0.002969,2.080000,95
79999,156,240.024994,100.000000,254.903697,26.565139,0.002422,2.180000,100
87999,131,223.600006,100.000000,216.015659,25.680844,0.002674,2.630000,100
95999,104,154.220001,100.000000,187.763157,21.328660,0.001835,2.245000,100
103999,117,182.354996,100.000000,288.263207,18.375001,0.002440,2.065000,100
111999,160,227.095001,100.000000,420.604852,19.337513,0.003428,2.440000,100
119999,157,202.285004,100.000000,449.142173,16.321498,0.003697,2.380000,100
127999,188,315.635010,100.000000,462.943194,21.321715,0.004226,2.555000,100
135999,194,342.945007,100.000000,463.409977,22.149577,0.004482,2.740000,100
143999,186,334.084991,100.000000,436.239777,25.993562,0.004460,2.950000,100
151999,151,236.774994,100.000000,391.423252,54.390360,0.004329,5.075000,100
159999,96,137.740005,100.000000,250.420104,42.222151,0.002797,3.075000,100
167999,95,144.699997,100.000000,269.335810,33.868068,0.002917,2.985000,100
175999,90,178.214996,100.000000,222.024884,19.435834,0.002176,2.475000,100
183999,89,154.774994,100.000000,248.238931,21.401697,0.002189,2.550000,100
191999,113,211.740005,100.000000,271.953787,17.816476,0.002530,2.540000,100
199999,120,205.279999,100.000000,283.368936,24.635164,0.002642,2.945000,100
207999,173,251.824997,100.000000,382.769400,23.181379,0.003684,3.410000,100
215999,186,309.220001,100.000000,443.891523,29.515463,0.004548,3.690000,100
223999,182,315.244995,100.000000,438.937974,43.538971,0.004544,3.890000,100
231999,191,350.410004,100.000000,398.834808,26.610532,0.004230,2.865000,100
239999,191,343.140015,100.000000,435.177184,33.661409,0.004567,3.430000,100
247999,196,384.255005,100.000000,401.591171,33.254141,0.004440,3.520000,100
255999,185,365.320007,100.000000,312.555924,25.640858,0.003653,2.465000,100
263999,179,341.660004,100.000000,297.387600,25.397771,0.003472,3.210000,100
271999,171,313.015015,100.000000,300.362364,19.422623,0.003275,3.150000,100
279999,158,299.234985,100.000000,248.560121,19.591936,0.002899,4.320000,100
287999,160,250.710007,100.000000,142.508953,21.718113,0.002136,4.525000,100
295999,179,262.125000,100.000000,130.479325,17.776405,0.001923,2.490000,100
303999,182,295.114990,100.000000,187.815529,18.549139,0.002539,2.630000,100
311999,182,284.234985,100.000000,120.326657,17.385482,0.001871,2.700000,100
319999,168,239.330002,100.000000,102.906961,14.976986,0.001543,1.975000,100
327999,186,299.864990,100.000000,172.437283,16.611060,0.002230,2.260000,100
335999,190,311.369995,100.000000,222.682357,21.642911,0.002808,2.530000,100
343999,189,311.250000,100.000000,214.136833,18.414466,0.002729,2.405000,100
351999,171,307.540009,100.000000,248.287728,24.691948,0.003062,2.815000,100
359999,185,383.924988,100.000000,298.980359,31.511403,0.003676,3.065000,100
367999,184,342.399994,100.000000,282.376655,26.875285,0.003502,2.595000,100
375999,193,359.174988,100.000000,319.192578,20.313985,0.003654,2.475000,100
383999,198,346.945007,100.000000,208.419889,20.369954,0.002950,2.460000,100
391999,196,361.910004,100.000000,232.642658,18.805552,0.003124,2.290000,100
399999,190,340.579987,100.000000,277.304186,24.523384,0.003439,2.585000,100
407999,199,344.549988,100.000000,317.942428,20.150092,0.003608,2.605000,100
415999,195,339.744995,100.000000,356.238857,20.985128,0.003964,2.730000,100
423999,196,353.295013,100.000000,376.921548,18.131390,0.003847,2.205000,100
431999,193,359.339996,100.000000,294.980653,18.239516,0.003549,2.485000,100
439999,193,304.609985,100.000000,227.614526,15.020254,0.002819,2.085000,100
447999,197,365.065002,100.000000,301.634879,18.963114,0.003682,2.520000,100
455999,192,297.994995,100.000000,221.950039,14.771087,0.002656,2.185000,100
463999,194,284.714996,100.000000,221.066334,12.539077,0.002526,1.755000,100
471999,196,317.174988,100.000000,288.046562,13.022791,0.002959,1.925000,100
479999,194,324.755005,100.000000,317.594447,13.618025,0.003188,1.875000,100
487999,197,308.839996,100.000000,286.733881,14.211928,0.003002,1.830000,100
495999,196,314.640015,100.000000,339.062685,15.966600,0.003481,2.115000,100
503999,199,332.970001,100.000000,359.985009,17.770122,0.003665,2.180000,100
511999,194,328.855011,100.000000,399.235731,18.158839,0.003936,2.515000,100
519999,190,330.065002,100.000000,395.300624,21.955165,0.004099,2.890000,100
527999,193,343.605011,100.000000,350.589658,19.595745,0.003723,2.715000,100
535999,197,334.494995,100.000000,252.264966,18.290305,0.003007,2.260000,100
543999,199,352.734985,100.000000,284.195251,20.887629,0.003263,2.520000,100
551999,200,375.309998,100.000000,344.049357,16.813878,0.003663,2.400000,100
559999,196,367.709991,100.000000,363.575312,19.443927,0.003932,2.795000,100
567999,197,333.654999,100.000000,408.211802,20.223930,0.004158,2.520000,100
575999,195,307.890015,100.000000,286.713358,24.509710,0.003498,2.515000,100
583999,196,303.445007,100.000000,208.848049,25.885763,0.002965,2.790000,100
591999,186,328.234985,100.000000,245.390028,35.834648,0.003345,3.205000,100
599999,197,329.964996,100.000000,279.003736,22.534909,0.003395,2.595000,100
607999,196,338.570007,100.000000,278.472710,18.081257,0.003353,2.545000,100
615999,196,332.554993,100.000000,296.332960,19.681156,0.003487,2.605000,100
623999,190,288.375000,100.000000,222.087783,24.154146,0.002895,2.640000,100
631999,186,318.665009,100.000000,272.401204,37.522230,0.003886,4.300000,100
639999,85,110.410004,100.000000,233.775315,88.937038,0.003292,4.565000,100
647999,154,279.734985,100.000000,266.573499,83.569807,0.003654,4.225000,100
655999,187,318.644989,100.000000,332.041132,37.797637,0.004125,4.235000,100
663999,192,307.690002,100.000000,351.320154,26.490077,0.003922,3.195000,100
671999,196,342.695007,100.000000,322.731343,20.801183,0.003751,2.630000,100
679999,194,328.299988,100.000000,297.595979,21.286559,0.003569,2.975000,100
687999,188,279.375000,100.000000,253.785280,23.660231,0.003270,2.935000,100
695999,192,321.204987,100.000000,300.270355,27.502680,0.003818,3.160000,100
703999,170,234.449997,100.000000,204.851805,24.732721,0.002863,3.030000,100
711999,73,76.574997,100.000000,74.032140,13.884571,0.001149,4.360000,100
719999,94,132.970001,100.000000,133.867940,31.154382,0.001963,5.870000,100
727999,130,205.119995,100.000000,266.781614,77.267941,0.003488,7.660000,100
735999,80,95.254997,100.000000,286.336207,77.823668,0.003270,4.685000,100
743999,96,102.279999,100.000000,278.284928,83.191087,0.003154,5.910000,100
751999,144,238.199997,100.000000,282.040413,95.518105,0.003364,5.470000,100
759999,146,247.160004,100.000000,300.252333,146.382984,0.003298,6.855000,100
767999,146,284.385010,100.000000,341.996550,112.928242,0.003709,6.445000,100
775999,132,229.250000,100.000000,321.313904,114.358705,0.003544,6.590000,100
783999,150,285.920013,100.000000,374.317621,127.508543,0.004089,8.200000,100
791999,128,274.915009,100.000000,297.008890,90.869858,0.003205,6.015000,100
799999,160,312.825012,100.000000,342.867470,134.296576,0.003642,7.635000,100
