#iteration,activeAgent,energyMean,costValue,walkGlobal,walkGlobalDeparture,AreaCovered,ReservoirSizeMean,RegrowDelayFoodItem
7999,151,231.970001,100.000000,231.661471,107.817153,0.003443,5.380000,25
15999,130,231.820007,100.000000,222.812050,88.885491,0.003041,5.865000,25
23999,152,220.115005,100.000000,208.669603,102.352779,0.003765,5.835000,35
31999,180,325.679993,100.000000,306.466432,139.668896,0.004473,7.775000,45
39999,178,313.695007,100.000000,290.314749,135.684354,0.004115,7.395000,55
47999,174,319.035004,100.000000,330.155072,139.198013,0.004198,8.230000,65
55999,173,256.355011,100.000000,380.504836,124.779788,0.004328,9.120000,75
63999,178,353.329987,100.000000,385.427423,152.365369,0.004587,8.795000,85
71999,182,372.279999,100.000000,389.092506,165.368984,0.004834,8.630000,95
79999,175,337.404999,100.000000,382.758796,155.938256,0.004752,8.420000,100
87999,150,213.860001,100.000000,305.824114,121.202501,0.004140,9.180000,100
95999,162,210.514999,100.000000,322.939936,119.490731,0.004347,8.165000,100
103999,161,236.214996,100.000000,331.814441,106.849024,0.004334,7.385000,100
111999,173,286.980011,100.000000,309.790757,134.540850,0.004586,8.110000,100
119999,163,243.264999,100.000000,279.682150,121.251251,0.004249,7.170000,100
127999,157,159.289993,100.000000,233.187821,58.938492,0.003840,5.280000,100
135999,145,161.570007,100.000000,198.409893,84.275400,0.003394,5.860000,100
143999,144,155.220001,100.000000,201.671966,109.775086,0.003582,6.655000,100
151999,154,187.470001,100.000000,247.456077,106.729559,0.003875,7.270000,100
159999,130,139.059998,100.000000,357.414739,106.318774,0.004227,8.100000,100
167999,173,261.385010,100.000000,388.885023,170.622347,0.004574,10.485000,100
175999,180,351.230011,100.000000,442.721392,178.573463,0.004889,11.745000,100
183999,160,211.604996,100.000000,396.383485,90.698045,0.004394,8.385000,100
191999,187,293.855011,100.000000,403.015287,138.239215,0.004855,10.515000,100
199999,166,182.330002,100.000000,278.654333,101.289762,0.004196,7.245000,100
207999,177,273.065002,100.000000,332.556889,131.462691,0.004510,9.130000,100
215999,169,235.845001,100.000000,306.836551,113.299929,0.004335,7.530000,100
223999,161,180.804993,100.000000,303.764493,104.506917,0.004298,7.490000,100
231999,169,180.345001,100.000000,313.528108,87.121474,0.004522,6.630000,100
239999,168,270.174988,100.000000,314.090957,131.811030,0.004561,8.530000,100
247999,177,350.950012,100.000000,388.847076,106.866399,0.004726,7.955000,100
255999,185,369.204987,100.000000,401.120118,112.344626,0.004834,7.920000,100
263999,177,368.295013,100.000000,362.577232,96.172436,0.004601,7.020000,100
271999,183,341.885010,100.000000,344.924860,109.570001,0.004713,7.700000,100
279999,189,385.660004,100.000000,377.980374,110.106160,0.004932,8.510000,100
287999,187,368.274994,100.000000,392.134914,95.086326,0.004900,8.025000,100
295999,188,358.829987,100.000000,358.833015,99.003870,0.005028,7.545000,100
303999,196,372.799988,100.000000,377.971951,68.021131,0.005001,6.255000,100
311999,196,400.725006,100.000000,401.721235,74.179962,0.005150,6.495000,100
319999,184,386.480011,100.000000,356.023331,94.672458,0.004744,7.850000,100
327999,193,361.109985,100.000000,379.060715,71.686177,0.004862,6.170000,100
335999,192,366.734985,100.000000,383.334642,90.601510,0.004895,7.295000,100
343999,196,344.234985,100.000000,355.030896,88.358265,0.004766,7.465000,100
351999,194,355.649994,100.000000,336.964191,90.962232,0.004621,7.035000,100
359999,194,383.440002,100.000000,402.622252,89.522304,0.004968,6.695000,100
367999,195,432.760010,100.000000,424.462562,92.927700,0.005157,7.235000,100
375999,195,426.660004,100.000000,469.265388,115.529107,0.005296,9.770000,100
383999,191,450.364990,100.000000,471.548271,154.521100,0.005139,11.150000,100
391999,195,428.059998,100.000000,485.429289,135.911732,0.005308,9.975000,100
399999,189,359.734985,100.000000,488.279143,164.322911,0.005324,11.980000,100
407999,189,362.304993,100.000000,481.582908,177.563173,0.005360,12.550000,100
415999,194,421.269989,100.000000,489.154849,89.143560,0.005339,7.705000,100
423999,190,404.540009,100.000000,481.548786,102.301792,0.005285,8.885000,100
431999,190,381.260010,100.000000,493.429418,129.185959,0.005313,11.080000,100
439999,190,356.774994,100.000000,484.401944,132.149575,0.005237,10.975000,100
447999,183,284.859985,100.000000,468.402895,159.952469,0.005146,11.710000,100
455999,189,362.609985,100.000000,502.776749,69.533659,0.005239,5.900000,100
463999,175,341.239990,100.000000,459.025425,65.460596,0.005006,5.945000,100
471999,176,314.690002,100.000000,432.613673,70.352336,0.004860,5.715000,100
479999,178,275.019989,100.000000,404.267971,124.625047,0.004947,7.685000,100
487999,184,351.734985,100.000000,427.682146,101.908016,0.005157,7.320000,100
495999,185,347.040009,100.000000,430.698139,117.729000,0.005218,8.815000,100
503999,193,446.984985,100.000000,432.495158,75.979511,0.005305,7.040000,100
511999,193,420.304993,100.000000,432.445476,68.014152,0.005204,5.895000,100
519999,199,425.364990,100.000000,452.121934,70.141430,0.005469,6.490000,100
527999,193,461.000000,100.000000,438.877426,108.460427,0.005399,8.535000,100
535999,195,457.239990,100.000000,439.705999,84.580413,0.005274,7.155000,100
543999,195,448.845001,100.000000,420.987741,79.646763,0.005270,6.785000,100
551999,194,447.505005,100.000000,388.432022,89.927881,0.005050,7.210000,100
559999,194,472.730011,100.000000,420.115263,105.843548,0.005076,8.640000,100
567999,191,371.190002,100.000000,342.284692,113.449269,0.004644,7.590000,100
575999,192,378.834991,100.000000,342.954744,78.070759,0.004716,6.700000,100
583999,185,342.089996,100.000000,301.602741,53.221613,0.004542,4.730000,100
591999,175,273.779999,100.000000,274.559538,41.301170,0.004168,3.160000,100
599999,190,321.665009,100.000000,294.463061,40.953113,0.004480,3.895000,100
607999,183,313.415009,100.000000,240.245410,68.957291,0.004115,5.135000,100
615999,176,308.070007,100.000000,239.141531,83.476641,0.004020,5.730000,100
623999,174,339.910004,100.000000,274.167694,103.330852,0.004146,6.815000,100
631999,177,358.089996,100.000000,274.010810,79.878809,0.004290,6.455000,100
639999,189,318.575012,100.000000,289.218584,57.771155,0.004480,5.205000,100
647999,191,325.975006,100.000000,278.166842,59.263377,0.004483,4.560000,100
655999,191,347.035004,100.000000,288.876547,55.541100,0.004550,4.860000,100
663999,186,364.820007,100.000000,281.556319,60.532927,0.004357,4.965000,100
671999,188,368.660004,100.000000,269.665730,54.861544,0.004284,4.830000,100
679999,185,325.795013,100.000000,246.579103,49.990108,0.004083,3.950000,100
687999,189,390.475006,100.000000,313.845741,57.946018,0.004727,4.780000,100
695999,197,477.225006,100.000000,392.282274,77.874773,0.005154,6.365000,100
703999,194,460.980011,100.000000,367.243426,82.545097,0.005013,6.420000,100
711999,197,438.149994,100.000000,393.555609,60.849837,0.005033,5.150000,100
719999,199,501.959991,100.000000,396.051784,86.065486,0.005299,6.965000,100
727999,193,473.209991,100.000000,395.738639,106.110880,0.005168,7.990000,100
735999,197,493.864990,100.000000,406.044919,96.205885,0.005279,7.730000,100
743999,200,507.299988,100.000000,426.275782,82.245456,0.005379,6.830000,100
751999,198,475.820007,100.000000,408.426067,74.023514,0.005247,6.240000,100
759999,198,491.399994,100.000000,426.348550,76.796130,0.005324,6.745000,100
767999,190,385.095001,100.000000,432.066379,67.420442,0.005106,4.650000,100
775999,187,367.089996,100.000000,391.712589,69.903755,0.004814,4.000000,100
783999,176,269.144989,100.000000,405.822491,56.370799,0.004532,3.445000,100
791999,178,342.554993,100.000000,416.497080,71.512178,0.004734,4.025000,100
799999,197,397.535004,100.000000,448.641802,68.341127,0.005018,5.055000,100
