#iteration,activeAgent,energyMean,costValue,walkGlobal,walkGlobalDeparture,AreaCovered,ReservoirSizeMean,RegrowDelayFoodItem
7999,150,228.524994,100.000000,326.915438,67.903161,0.004294,5.165000,25
15999,158,265.619995,100.000000,308.227265,90.993058,0.004049,4.620000,25
23999,173,322.834991,100.000000,308.298120,69.728610,0.003742,5.225000,35
31999,159,271.529999,100.000000,372.726527,107.425398,0.004382,7.185000,45
39999,144,263.640015,100.000000,319.186706,107.575176,0.003585,7.215000,55
47999,146,234.339996,100.000000,256.215719,107.620321,0.003004,6.675000,65
55999,161,260.434998,100.000000,332.901815,193.547393,0.003773,9.495000,75
63999,156,160.779999,100.000000,358.465740,140.638832,0.004449,10.145000,85
71999,139,173.695007,100.000000,232.532428,108.162645,0.003181,7.140000,95
79999,157,258.579987,100.000000,313.569225,100.640733,0.003900,6.885000,100
87999,149,239.285004,100.000000,285.402223,131.582341,0.003775,6.630000,100
95999,142,238.494995,100.000000,334.318816,175.384712,0.003766,8.535000,100
103999,127,164.720001,100.000000,320.682450,20.718554,0.003008,2.780000,100
111999,147,198.830002,100.000000,306.813278,67.787237,0.003582,3.925000,100
119999,146,237.050003,100.000000,314.281228,31.436614,0.003290,2.800000,100
127999,145,257.760010,100.000000,295.561949,121.725625,0.003675,6.725000,100
135999,159,285.054993,100.000000,334.756911,132.198609,0.004099,7.405000,100
143999,155,318.209991,100.000000,355.638829,44.360361,0.004026,3.650000,100
151999,177,328.255005,100.000000,437.486339,40.635965,0.004734,5.715000,100
159999,168,282.410004,100.000000,405.339640,32.955262,0.004308,5.420000,100
167999,177,294.869995,100.000000,312.523251,30.040381,0.004045,3.610000,100
175999,177,316.524994,100.000000,398.587773,29.223874,0.004117,3.405000,100
183999,192,405.369995,100.000000,416.706413,50.460682,0.004712,4.680000,100
191999,186,402.964996,100.000000,370.554742,50.455753,0.004556,4.265000,100
199999,181,396.299988,100.000000,360.840000,73.135815,0.004591,5.495000,100
207999,189,425.850006,100.000000,390.206747,72.118237,0.004722,5.500000,100
215999,185,364.065002,100.000000,344.789473,82.796969,0.004457,5.995000,100
223999,191,408.459991,100.000000,421.421334,63.349304,0.004605,5.445000,100
231999,190,373.170013,100.000000,387.166515,54.142907,0.004620,4.725000,100
239999,182,326.635010,100.000000,396.971211,42.022413,0.004317,3.930000,100
247999,172,343.195007,100.000000,391.435625,54.310968,0.004143,4.355000,100
255999,182,426.845001,100.000000,428.772596,64.212548,0.004744,5.450000,100
263999,178,308.815002,100.000000,396.727676,46.004783,0.003967,2.925000,100
271999,187,423.209991,100.000000,375.604335,56.716486,0.004474,4.230000,100
279999,188,373.524994,100.000000,310.919882,47.884901,0.003981,3.770000,100
287999,174,286.809998,100.000000,381.253837,26.622585,0.003592,2.400000,100
295999,158,230.610001,100.000000,376.192383,24.659905,0.003388,2.115000,100
303999,169,359.380005,100.000000,378.197138,83.643180,0.004020,5.255000,100
311999,151,267.920013,100.000000,308.878105,59.369490,0.003428,3.115000,100
319999,125,252.729996,100.000000,259.737097,74.060936,0.003026,5.060000,100
327999,133,229.990005,100.000000,308.814320,33.115583,0.003167,3.175000,100
335999,133,189.054993,100.000000,321.600916,32.947420,0.003140,3.190000,100
343999,147,235.440002,100.000000,286.656185,170.909118,0.003490,7.700000,100
351999,177,322.190002,100.000000,390.401073,96.544542,0.004727,7.735000,100
359999,174,373.390015,100.000000,389.850653,103.693923,0.004536,8.850000,100
367999,153,247.184998,100.000000,211.159022,101.070809,0.003329,5.590000,100
375999,174,287.795013,100.000000,233.141818,59.568282,0.003845,4.815000,100
383999,179,267.820007,100.000000,278.425563,71.797506,0.004711,5.610000,100
391999,186,314.890015,100.000000,361.389342,87.231100,0.005077,6.465000,100
399999,181,271.329987,100.000000,421.428004,106.528944,0.005305,6.985000,100
407999,174,223.585007,100.000000,441.720213,59.656672,0.004524,3.685000,100
415999,184,262.244995,100.000000,445.714568,76.156213,0.004477,3.100000,100
423999,170,237.029999,100.000000,403.006638,68.160190,0.004835,4.690000,100
431999,152,190.835007,100.000000,396.171055,41.205298,0.003870,3.120000,100
439999,182,350.320007,100.000000,371.324876,76.356739,0.004755,5.545000,100
447999,171,312.000000,100.000000,374.440000,136.362817,0.004705,9.150000,100
455999,183,340.579987,100.000000,373.366959,155.481471,0.004882,9.510000,100
463999,188,359.239990,100.000000,399.746224,124.913224,0.004930,8.750000,100
471999,69,51.340000,100.000000,349.509711,56.478968,0.003920,6.690000,100
479999,160,263.125000,100.000000,448.314007,133.630421,0.004987,7.290000,100
487999,174,312.670013,100.000000,435.346802,97.984016,0.004491,4.320000,100
495999,178,322.549988,100.000000,475.854570,158.023737,0.004944,5.045000,100
503999,183,347.559998,100.000000,497.812513,158.530010,0.005308,9.510000,100
511999,194,414.994995,100.000000,486.860406,184.789622,0.005361,9.990000,100
519999,188,330.230011,100.000000,487.679541,117.545375,0.005052,4.985000,100
527999,188,335.904999,100.000000,502.612663,160.816107,0.005264,11.060000,100
535999,185,377.040009,100.000000,452.869075,210.529238,0.004827,11.065000,100
543999,179,296.980011,100.000000,400.148998,146.580438,0.004555,8.620000,100
551999,179,243.354996,100.000000,446.462994,115.151505,0.004902,6.790000,100
559999,179,324.890015,100.000000,427.961510,141.544950,0.004809,8.290000,100
567999,181,309.859985,100.000000,346.651386,121.636883,0.004406,7.430000,100
575999,180,321.140015,100.000000,275.368988,104.534026,0.004188,6.815000,100
583999,149,223.554993,100.000000,254.367896,59.629078,0.003695,4.455000,100
591999,167,280.304993,100.000000,218.833851,75.659678,0.003616,5.620000,100
599999,179,354.744995,100.000000,253.423860,85.128262,0.004057,6.240000,100
607999,170,339.255005,100.000000,217.526777,63.585361,0.003487,5.115000,100
615999,175,303.660004,100.000000,208.391193,60.696121,0.003525,5.240000,100
623999,50,20.250000,100.000000,255.125687,86.204896,0.003582,5.535000,100
631999,87,69.430000,100.000000,298.358471,70.950632,0.003722,4.035000,100
639999,31,11.655000,100.000000,195.216267,25.914970,0.002497,2.980000,100
647999,60,30.799999,100.000000,243.014153,82.016487,0.003188,5.580000,100
655999,145,132.725006,100.000000,349.848081,104.273179,0.004276,7.810000,100
663999,131,159.880005,100.000000,386.050483,119.536662,0.004559,8.065000,100
671999,159,211.895004,100.000000,444.876255,82.411301,0.004921,6.120000,100
679999,168,215.220001,100.000000,458.081255,102.084353,0.005241,7.555000,100
687999,163,252.195007,100.000000,403.749757,148.768532,0.004769,9.705000,100
695999,153,148.679993,100.000000,326.658792,45.441909,0.004187,3.695000,100
703999,156,156.779999,100.000000,286.616514,52.656119,0.003805,3.875000,100
711999,165,250.160004,100.000000,363.942080,113.803572,0.004473,9.205000,100
719999,157,242.654999,100.000000,319.135843,96.271843,0.004067,6.780000,100
727999,152,193.274994,100.000000,294.688577,79.438809,0.003704,5.895000,100
735999,162,185.440002,100.000000,280.656143,99.947391,0.003679,6.450000,100
743999,168,208.289993,100.000000,362.500541,128.918716,0.004166,9.325000,100
751999,155,179.774994,100.000000,364.248853,110.492118,0.004473,8.375000,100
759999,168,213.339996,100.000000,293.931723,109.060848,0.003766,7.720000,100
767999,136,137.179993,100.000000,253.981292,93.847131,0.003476,6.425000,100
775999,138,126.690002,100.000000,214.763624,43.939162,0.002975,3.370000,100
783999,111,70.555000,100.000000,198.478531,27.145232,0.002392,2.240000,100
791999,157,201.490005,100.000000,246.206071,104.600173,0.003856,6.330000,100
799999,83,56.080002,100.000000,210.680753,44.298373,0.003010,2.910000,100
