#iteration,activeAgent,energyMean,costValue,walkGlobal,walkGlobalDeparture,AreaCovered,ReservoirSizeMean,RegrowDelayFoodItem
7999,147,336.029999,100.000000,170.036674,15.999043,0.001827,1.795000,25
15999,171,426.725006,100.000000,152.253784,11.661241,0.001838,1.855000,25
23999,162,434.885010,100.000000,133.242403,13.166148,0.001758,1.645000,35
31999,147,362.454987,100.000000,133.350417,12.839492,0.001755,1.410000,45
39999,138,305.454987,100.000000,179.279900,11.508573,0.001944,1.850000,55
47999,139,284.665009,100.000000,206.379914,12.457972,0.002126,1.725000,65
55999,148,275.584991,100.000000,193.329580,17.419675,0.002400,1.950000,75
63999,162,284.095001,100.000000,185.947607,22.544335,0.002431,2.230000,85
71999,159,244.179993,100.000000,190.096045,25.625615,0.002659,2.275000,95
79999,164,191.320007,100.000000,181.987278,43.652161,0.002876,2.775000,100
87999,159,177.294998,100.000000,168.889964,40.888548,0.002791,2.880000,100
95999,172,236.720001,100.000000,144.183683,44.020443,0.002568,3.425000,100
103999,176,241.919998,100.000000,163.509568,42.167116,0.002756,2.675000,100
111999,178,279.114990,100.000000,166.064908,54.809510,0.002823,2.835000,100
119999,178,231.699997,100.000000,238.926604,28.874294,0.002976,2.420000,100
127999,174,268.714996,100.000000,225.053999,20.655281,0.002867,2.295000,100
135999,166,245.304993,100.000000,135.885626,27.439037,0.002424,2.015000,100
143999,178,254.339996,100.000000,161.887806,26.331986,0.002790,2.560000,100
151999,185,255.410004,100.000000,170.857254,24.301864,0.002871,2.690000,100
159999,167,186.169998,100.000000,287.495973,19.130610,0.002945,2.005000,100
167999,173,192.294998,100.000000,256.163964,20.205880,0.002909,2.060000,100
175999,173,215.490005,100.000000,194.857032,22.320755,0.002857,2.480000,100
183999,180,239.865005,100.000000,156.373775,33.799445,0.002700,2.560000,100
191999,176,269.045013,100.000000,198.481641,38.043016,0.003061,2.505000,100
199999,178,231.389999,100.000000,181.964178,29.061435,0.002761,2.295000,100
207999,183,274.785004,100.000000,162.908239,31.876171,0.002940,2.610000,100
215999,191,282.369995,100.000000,215.832046,30.724844,0.003299,2.520000,100
223999,179,260.790009,100.000000,294.832248,42.503639,0.003313,2.230000,100
231999,175,293.230011,100.000000,196.443058,26.956769,0.003191,2.810000,100
239999,189,299.989990,100.000000,253.939591,21.455827,0.003157,2.095000,100
247999,164,265.225006,100.000000,140.496354,29.006301,0.002418,1.990000,100
255999,156,205.145004,100.000000,161.242784,26.024520,0.002401,1.835000,100
263999,173,267.804993,100.000000,194.729514,23.761793,0.002764,1.895000,100
271999,180,288.489990,100.000000,183.783226,37.493064,0.002828,2.045000,100
279999,172,235.285004,100.000000,142.548519,30.114045,0.002364,2.240000,100
287999,122,120.419998,100.000000,170.187512,22.526643,0.002472,3.225000,100
295999,119,108.095001,100.000000,113.143099,26.661616,0.002039,3.045000,100
303999,155,155.774994,100.000000,163.890562,28.737580,0.002528,2.290000,100
311999,139,133.195007,100.000000,110.748135,23.089739,0.001834,2.215000,100
319999,140,134.699997,100.000000,253.047016,21.010598,0.002789,2.580000,100
327999,178,255.619995,100.000000,208.785226,21.742290,0.002908,2.260000,100
335999,181,312.829987,100.000000,248.278547,18.894401,0.003044,1.955000,100
343999,181,275.165009,100.000000,138.100076,23.111605,0.002557,2.340000,100
351999,175,190.875000,100.000000,142.682085,29.483308,0.002432,2.140000,100
359999,187,268.934998,100.000000,117.647663,14.748722,0.001952,1.725000,100
367999,190,272.380005,100.000000,115.784734,14.739281,0.001819,1.870000,100
375999,183,355.670013,100.000000,135.324927,18.496585,0.002323,1.855000,100
383999,194,334.160004,100.000000,237.369089,15.526441,0.002908,2.030000,100
391999,197,311.304993,100.000000,177.150270,11.706339,0.002272,1.880000,100
399999,196,364.140015,100.000000,351.090981,13.083456,0.003299,1.915000,100
407999,197,336.274994,100.000000,336.277901,14.991135,0.003455,2.125000,100
415999,194,342.570007,100.000000,288.986702,13.830158,0.003028,1.800000,100
423999,195,337.750000,100.000000,185.387526,13.689629,0.002502,1.910000,100
431999,189,335.765015,100.000000,125.963650,14.259530,0.001927,1.770000,100
439999,129,158.690002,100.000000,146.321343,63.623190,0.002256,3.540000,100
447999,99,176.500000,100.000000,123.344714,41.978240,0.001930,3.090000,100
455999,79,128.324997,100.000000,146.611136,63.231221,0.001791,3.595000,100
463999,82,123.705002,100.000000,184.344411,105.037800,0.002114,7.435000,100
471999,107,180.524994,100.000000,201.791022,94.496681,0.002374,4.820000,100
479999,48,28.740000,100.000000,151.215178,31.974593,0.001865,3.320000,100
487999,65,113.285004,100.000000,124.191562,59.217386,0.001634,3.805000,100
495999,85,68.430000,100.000000,231.355307,69.810260,0.002658,6.535000,100
503999,127,144.539993,100.000000,339.162411,34.409191,0.003866,3.545000,100
511999,159,223.979996,100.000000,257.387645,31.916786,0.003280,2.860000,100
519999,134,165.225006,100.000000,288.700895,74.244111,0.003195,6.090000,100
527999,150,152.699997,100.000000,405.276516,57.186416,0.004212,5.630000,100
535999,154,200.279999,100.000000,386.473515,84.617312,0.004147,7.700000,100
543999,167,239.350006,100.000000,308.908249,44.126607,0.003902,4.885000,100
551999,182,208.699997,100.000000,398.207886,156.779866,0.004860,9.710000,100
559999,141,138.649994,100.000000,244.147629,129.356204,0.003764,6.500000,100
567999,98,68.989998,100.000000,236.312176,37.816195,0.003351,3.275000,100
575999,106,75.529999,100.000000,161.655096,20.384920,0.002111,1.825000,100
583999,111,126.739998,100.000000,135.374228,15.383221,0.001651,1.445000,100
591999,89,100.099998,100.000000,201.261477,18.093945,0.002083,1.795000,100
599999,141,160.065002,100.000000,360.700839,79.325797,0.004134,6.265000,100
607999,153,152.764999,100.000000,368.552466,50.032400,0.004500,4.840000,100
615999,160,244.800003,100.000000,337.389390,45.722494,0.004229,4.385000,100
623999,170,230.074997,100.000000,283.714737,41.743483,0.004072,3.515000,100
631999,167,261.834991,100.000000,346.267732,60.381969,0.004628,4.635000,100
639999,145,104.724998,100.000000,397.995536,176.405154,0.004845,10.205000,100
647999,174,290.609985,100.000000,344.377291,43.711421,0.004139,3.505000,100
655999,172,343.054993,100.000000,426.214553,81.309029,0.004526,6.400000,100
663999,187,301.070007,100.000000,459.019071,157.666117,0.005129,10.780000,100
671999,111,150.604996,100.000000,259.107785,83.355466,0.002862,6.365000,100
679999,138,202.975006,100.000000,304.751365,113.044757,0.003867,6.340000,100
687999,182,346.170013,100.000000,453.412553,161.232707,0.005061,11.160000,100
695999,192,341.459991,100.000000,443.088119,153.102390,0.005193,10.475000,100
703999,190,385.605011,100.000000,434.173529,154.642420,0.004969,10.555000,100
711999,187,376.964996,100.000000,420.229746,142.212389,0.005034,10.045000,100
719999,194,427.184998,100.000000,423.088227,135.293416,0.004974,8.415000,100
727999,194,442.649994,100.000000,470.466698,103.880583,0.005189,7.095000,100
735999,192,421.195007,100.000000,398.325913,84.943977,0.004342,4.910000,100
743999,197,457.140015,100.000000,449.978517,77.584439,0.004654,3.795000,100
751999,193,495.519989,100.000000,474.962810,112.892587,0.005022,5.300000,100
759999,196,438.730011,100.000000,479.168591,79.231480,0.004888,4.140000,100
767999,193,449.255005,100.000000,474.052959,97.773778,0.004978,5.080000,100
775999,189,475.820007,100.000000,459.040420,70.181723,0.004800,4.990000,100
783999,191,409.619995,100.000000,503.874083,136.022891,0.005441,9.655000,100
791999,197,515.890015,100.000000,494.658905,142.792368,0.005394,11.620000,100
799999,191,568.500000,100.000000,475.173280,123.624961,0.005171,9.000000,100
