#iteration,activeAgent,energyMean,costValue,walkGlobal,walkGlobalDeparture,AreaCovered,ReservoirSizeMean,RegrowDelayFoodItem
7999,150,200.250000,100.000000,169.639254,61.068132,0.003399,4.340000,25
15999,183,323.445007,100.000000,258.436297,107.723255,0.004589,6.980000,25
23999,162,215.839996,100.000000,210.579054,101.604948,0.003824,5.815000,35
31999,180,380.440002,100.000000,269.723535,124.453981,0.004198,7.360000,45
39999,186,467.394989,100.000000,403.175157,118.524532,0.004479,8.695000,55
47999,185,340.524994,100.000000,382.240139,164.838159,0.004116,10.685000,65
55999,184,403.834991,100.000000,426.216418,113.092909,0.004682,9.365000,75
63999,180,319.880005,100.000000,385.685936,137.310193,0.004498,9.075000,85
71999,175,315.049988,100.000000,431.989848,133.901205,0.005145,10.505000,95
79999,171,274.829987,100.000000,450.120715,136.412864,0.005294,10.545000,100
87999,180,340.255005,100.000000,445.092034,158.317323,0.005292,11.405000,100
95999,181,353.190002,100.000000,435.741716,78.974265,0.004985,7.820000,100
103999,80,55.119999,100.000000,307.606967,63.401111,0.003937,5.730000,100
111999,152,215.919998,100.000000,390.735582,100.770561,0.004774,7.580000,100
119999,181,415.225006,100.000000,395.588327,148.380516,0.004884,9.140000,100
127999,187,341.019989,100.000000,370.521744,111.766527,0.004713,7.495000,100
135999,163,270.299988,100.000000,417.827564,192.266618,0.004941,9.095000,100
143999,132,237.550003,100.000000,273.087320,136.782016,0.003926,5.925000,100
151999,97,111.805000,100.000000,289.541909,137.489084,0.003751,6.190000,100
159999,138,251.755005,100.000000,345.256716,166.325222,0.004369,7.380000,100
167999,172,358.954987,100.000000,435.206774,182.301848,0.004988,8.810000,100
175999,175,369.165009,100.000000,444.155625,193.910720,0.004930,9.600000,100
183999,189,339.035004,100.000000,431.541830,176.082080,0.004932,10.025000,100
191999,190,384.244995,100.000000,489.406187,197.909048,0.005251,12.310000,100
199999,192,431.975006,100.000000,451.196506,185.085182,0.004833,11.035000,100
207999,184,299.119995,100.000000,410.163197,89.420468,0.004335,6.675000,100
215999,189,444.265015,100.000000,451.243073,200.527783,0.004759,10.600000,100
223999,192,452.980011,100.000000,456.501137,165.562103,0.004829,10.440000,100
231999,191,448.839996,100.000000,484.183862,186.817588,0.005102,11.450000,100
239999,178,300.885010,100.000000,457.255148,182.565215,0.004779,10.325000,100
247999,167,244.610001,100.000000,450.514442,138.673845,0.004787,8.900000,100
255999,165,284.054993,100.000000,418.994037,171.643344,0.004542,10.310000,100
263999,171,329.320007,100.000000,417.682435,125.584801,0.004533,9.035000,100
271999,173,356.630005,100.000000,463.605641,163.185491,0.005117,9.795000,100
279999,173,294.424988,100.000000,491.030894,191.759869,0.005131,6.570000,100
287999,182,425.440002,100.000000,476.911744,214.522241,0.005098,9.945000,100
295999,159,338.024994,100.000000,432.860525,242.910208,0.004704,9.945000,100
303999,161,310.515015,100.000000,430.127171,213.612717,0.004749,8.025000,100
311999,140,264.859985,100.000000,414.928960,223.620776,0.004546,8.825000,100
319999,146,283.755005,100.000000,410.405285,214.694113,0.004643,8.115000,100
327999,154,357.954987,100.000000,392.517963,176.565945,0.004545,10.175000,100
335999,175,423.704987,100.000000,436.946896,183.576166,0.004941,9.865000,100
343999,172,319.320007,100.000000,477.205627,147.701336,0.005183,6.445000,100
351999,187,434.045013,100.000000,482.806493,163.556999,0.005256,10.065000,100
359999,185,325.010010,100.000000,496.928488,183.188138,0.005564,9.820000,100
367999,178,290.820007,100.000000,471.149924,146.715091,0.005410,7.715000,100
375999,143,229.169998,100.000000,360.391045,140.376580,0.004406,9.485000,100
383999,134,206.619995,100.000000,361.639293,163.259955,0.004354,8.850000,100
391999,123,136.070007,100.000000,328.292560,160.568299,0.004325,7.675000,100
399999,118,222.485001,100.000000,301.991827,172.386623,0.003993,6.790000,100
407999,111,140.054993,100.000000,340.020399,163.418363,0.003994,10.010000,100
415999,145,239.014999,100.000000,413.355900,190.252619,0.004604,8.995000,100
423999,146,183.229996,100.000000,371.546652,196.142464,0.004429,8.330000,100
431999,123,169.095001,100.000000,357.635069,172.995108,0.004136,8.665000,100
439999,154,246.110001,100.000000,427.089812,193.159470,0.004737,10.565000,100
447999,176,361.549988,100.000000,455.353815,181.249208,0.004811,8.655000,100
455999,180,371.399994,100.000000,396.917553,149.316526,0.004714,10.295000,100
463999,179,303.320007,100.000000,345.896531,148.911019,0.004844,9.125000,100
471999,123,112.989998,100.000000,293.755684,167.571726,0.004479,6.740000,100
479999,77,57.700001,100.000000,268.982658,39.686665,0.003480,4.710000,100
487999,97,54.985001,100.000000,194.214438,25.325654,0.002470,2.395000,100
495999,140,103.199997,100.000000,114.839408,28.514302,0.001978,2.685000,100
503999,170,246.785004,100.000000,176.777121,23.695586,0.002522,2.655000,100
511999,158,150.289993,100.000000,150.540461,21.499823,0.002284,2.015000,100
519999,163,185.914993,100.000000,185.388527,48.375598,0.002906,3.650000,100
527999,150,170.250000,100.000000,217.254340,44.295110,0.003198,3.305000,100
535999,169,191.345001,100.000000,182.141879,43.400628,0.003038,3.435000,100
543999,188,289.940002,100.000000,222.491545,77.139729,0.003713,5.220000,100
551999,194,348.375000,100.000000,258.302615,81.858975,0.004104,6.010000,100
559999,194,384.964996,100.000000,304.618653,117.115683,0.004367,7.300000,100
567999,194,450.554993,100.000000,385.794088,133.427135,0.004597,9.700000,100
575999,196,445.269989,100.000000,336.041498,117.731775,0.004359,8.360000,100
583999,193,374.170013,100.000000,284.419615,104.730803,0.003934,7.530000,100
591999,189,439.130005,100.000000,365.110720,125.088284,0.004330,8.440000,100
599999,185,334.500000,100.000000,459.590426,100.664207,0.005012,8.220000,100
607999,192,383.019989,100.000000,485.875831,138.002792,0.005335,11.140000,100
615999,194,344.470001,100.000000,463.280683,143.478768,0.005229,11.480000,100
623999,167,246.035004,100.000000,458.302356,71.391318,0.004888,6.180000,100
631999,182,341.829987,100.000000,464.024575,138.571357,0.005114,10.100000,100
639999,175,276.584991,100.000000,397.694858,82.034679,0.004693,6.175000,100
647999,173,266.204987,100.000000,377.692606,139.715795,0.004649,10.740000,100
655999,183,309.095001,100.000000,385.273910,147.603046,0.004871,9.625000,100
663999,184,284.144989,100.000000,411.774912,137.680427,0.004813,10.420000,100
671999,186,254.384995,100.000000,393.749050,130.371872,0.004802,9.635000,100
679999,190,282.834991,100.000000,413.152888,96.109335,0.004894,7.435000,100
687999,181,250.404999,100.000000,372.649271,90.871863,0.004686,7.965000,100
695999,189,336.130005,100.000000,402.614967,115.408206,0.005008,8.870000,100
703999,190,287.450012,100.000000,380.236611,63.153621,0.004663,5.560000,100
711999,183,392.105011,100.000000,397.121109,83.955235,0.004882,6.350000,100
719999,180,323.524994,100.000000,448.134722,57.348293,0.004742,5.335000,100
727999,173,308.795013,100.000000,412.865729,70.786797,0.004569,5.100000,100
735999,190,315.950012,100.000000,484.302704,62.026236,0.005090,6.000000,100
743999,190,469.750000,100.000000,459.517255,118.626473,0.005091,9.110000,100
751999,190,451.674988,100.000000,490.401814,93.764006,0.005201,7.985000,100
759999,163,387.304993,100.000000,424.249638,135.663627,0.004524,8.305000,100
767999,70,63.830002,100.000000,278.170304,33.213747,0.002780,2.315000,100
775999,164,332.130005,100.000000,340.784130,129.008364,0.003821,7.825000,100
783999,185,431.959991,100.000000,396.760556,153.447574,0.004786,10.290000,100
791999,185,437.575012,100.000000,414.718022,148.010348,0.004709,10.075000,100
799999,164,344.640015,100.000000,326.051145,92.922129,0.003965,6.700000,100
