#iteration,activeAgent,energyMean,costValue,walkGlobal,walkGlobalDeparture,AreaCovered,ReservoirSizeMean,RegrowDelayFoodItem
7999,104,106.144997,46.834929,256.084457,30.199955,0.002905,2.750000,25
15999,133,187.375000,46.951260,287.886825,16.278488,0.002683,2.245000,25
23999,126,202.619995,49.752787,187.811724,16.312648,0.001763,1.415000,35
31999,132,245.785004,63.790185,255.541564,24.430319,0.002834,2.030000,45
39999,118,174.294998,69.966454,180.324786,36.322477,0.002778,2.525000,55
47999,75,91.205002,78.629671,167.056925,38.489596,0.002287,3.120000,65
55999,61,73.250000,79.806872,188.613167,55.486949,0.002345,4.655000,75
63999,101,110.495003,73.328766,257.141450,84.414299,0.003037,5.275000,85
71999,106,116.190002,72.635492,278.867021,81.144433,0.003436,7.495000,95
79999,103,108.199997,70.929277,249.432445,77.619686,0.003168,5.390000,105
87999,72,49.384998,65.387931,270.463836,20.208839,0.002524,1.605000,115
95999,100,145.554993,58.265432,295.966702,63.354201,0.003268,3.745000,125
103999,91,101.114998,52.317087,312.571242,46.632376,0.003284,3.370000,135
111999,75,106.050003,55.053163,272.128613,47.699517,0.002812,4.095000,145
119999,101,150.235001,62.567840,340.121904,52.292632,0.003638,3.535000,155
127999,105,92.589996,57.544831,299.582441,75.699191,0.003546,5.155000,165
135999,81,71.279999,52.534255,236.334342,66.737201,0.002913,4.235000,175
143999,90,77.794998,54.694886,260.773432,64.947420,0.003278,4.300000,185
151999,17,7.745000,55.258193,170.587394,65.626559,0.002379,4.000000,195
159999,1,0.275000,33.170160,111.196515,17.206334,0.001460,7.650000,205
167999,19,12.035000,69.323627,135.298559,41.150452,0.001733,7.505000,215
175999,38,29.155001,73.195868,130.184263,38.647716,0.001682,9.605000,225
183999,16,17.815001,73.283900,111.102177,20.041124,0.001357,15.890000,235
191999,8,10.970000,74.142200,96.785040,19.188279,0.001201,17.754999,245
199999,83,105.430000,89.171550,265.889481,63.460202,0.003049,11.115000,255
207999,62,67.195000,87.768962,217.912524,69.757848,0.002456,13.135000,265
215999,24,31.240000,84.053966,100.743480,24.607275,0.001142,16.639999,275
223999,18,20.305000,79.814869,85.409744,19.989933,0.000979,17.775000,285
231999,100,101.959999,81.696630,335.817304,82.975026,0.003570,9.675000,295
239999,118,140.804993,85.938942,395.477327,119.177628,0.004124,7.750000,305
247999,125,130.179993,87.403162,411.790543,131.398482,0.004274,7.755000,315
255999,121,144.020004,87.745101,431.411514,109.010153,0.004463,7.660000,325
263999,128,133.604996,87.337429,461.464442,149.027196,0.004766,9.855000,335
271999,122,121.695000,80.917679,464.521379,167.296440,0.004816,10.200000,345
279999,112,82.294998,77.189557,429.022641,149.508851,0.004432,8.720000,355
287999,106,112.040001,76.768496,390.803654,122.180964,0.004045,7.710000,365
295999,109,107.720001,84.125248,403.705343,140.451280,0.004274,8.195000,375
303999,107,97.489998,74.462130,411.690389,112.886693,0.004241,7.360000,385
311999,124,134.779999,88.959501,475.468608,111.606460,0.004855,8.135000,395
319999,47,42.689999,90.830755,334.786709,179.518774,0.003437,7.665000,400
327999,107,93.775002,86.894517,433.686528,151.773903,0.004483,10.220000,400
335999,125,110.084999,87.306530,498.236453,166.055711,0.005099,11.300000,400
343999,127,110.805000,89.237946,508.034397,165.449043,0.005204,11.625000,400
351999,125,124.360001,92.587679,503.035976,124.935262,0.005126,10.615000,400
359999,114,108.385002,96.503276,476.178242,172.912161,0.004860,11.745000,400
367999,117,116.025002,96.341948,496.588495,149.740280,0.005060,12.035000,400
375999,122,129.399994,97.430988,505.530195,79.058084,0.005069,7.760000,400
383999,118,126.285004,97.215607,470.210883,133.337371,0.004806,10.780000,400
391999,122,152.869995,97.109649,475.305362,87.069205,0.004805,7.775000,400
399999,127,142.595001,98.042623,504.533057,82.738853,0.005048,7.115000,400
407999,139,153.315002,97.044780,512.841891,125.952439,0.005241,10.010000,400
415999,130,164.794998,96.858917,490.736048,105.563074,0.005071,8.245000,400
423999,129,145.339996,96.743812,498.228049,101.135341,0.005164,8.915000,400
431999,126,142.824997,97.218309,491.689174,82.579970,0.005094,8.230000,400
439999,133,164.654999,97.698591,498.228589,86.844433,0.005175,7.810000,400
447999,66,60.645000,95.754990,330.516449,186.631797,0.003623,9.200000,400
455999,108,128.360001,97.250407,413.796212,100.909332,0.004522,9.760000,400
463999,124,139.889999,97.801794,467.302200,79.627698,0.005005,8.325000,400
471999,81,72.495003,98.864044,425.948111,25.171539,0.003891,2.380000,400
479999,61,50.924999,98.936078,402.235505,21.905811,0.003896,2.340000,400
487999,100,86.540001,99.088184,336.707432,148.391182,0.003931,9.065000,400
495999,88,75.000000,98.949196,277.379317,112.299620,0.003490,7.235000,400
503999,79,42.365002,99.123485,287.393014,73.283837,0.003509,5.560000,400
511999,63,66.105003,99.206244,190.195984,64.997932,0.002385,7.965000,400
519999,89,79.275002,99.310210,304.834416,113.701611,0.003766,7.050000,400
527999,90,69.184998,98.841941,299.395927,117.207328,0.003600,7.750000,400
535999,92,109.864998,97.795847,287.403090,115.315646,0.003510,9.615000,400
543999,68,80.180000,98.973393,196.487087,83.700912,0.002379,13.675000,400
551999,44,55.029999,99.131907,114.810383,33.292467,0.001375,15.705000,400
559999,14,32.200001,98.393421,68.416729,23.104157,0.000907,33.040001,400
567999,9,15.800000,98.792859,39.896080,10.446267,0.000510,19.325001,400
575999,8,13.360000,97.143618,35.090295,14.074248,0.000470,13.845000,400
583999,17,16.495001,95.705284,74.500489,30.059483,0.001017,24.950001,400
591999,49,70.315002,95.618525,144.881099,62.753561,0.001779,9.905000,400
599999,40,69.904999,97.429857,132.033933,60.898456,0.001601,9.775000,400
607999,43,47.125000,94.417392,148.288248,81.030938,0.001933,12.565000,400
615999,51,51.650002,96.548303,237.556376,102.936495,0.003187,7.355000,400
623999,100,116.595001,92.986234,324.882639,132.470575,0.004375,7.745000,400
631999,65,56.865002,96.358203,275.009016,85.422916,0.003786,6.555000,400
639999,78,73.110001,97.415626,304.284997,124.229982,0.004133,7.815000,400
647999,99,107.025002,95.963352,324.631605,121.033461,0.004290,8.200000,400
655999,102,97.209999,97.336823,324.322097,121.357673,0.004478,8.690000,400
663999,101,104.125000,97.346210,327.588732,91.200460,0.004187,6.730000,400
671999,108,109.084999,98.362267,346.157334,91.677386,0.004149,5.540000,400
679999,116,142.710007,97.873018,414.497422,171.827826,0.004542,10.005000,400
687999,104,130.264999,97.770423,404.023214,170.917499,0.004434,10.595000,400
695999,112,123.800003,97.147230,408.414504,179.632594,0.004469,10.720000,400
703999,97,120.760002,97.272383,361.053608,160.623248,0.004027,9.365000,400
711999,126,142.119995,97.741654,398.748906,156.739972,0.004558,10.485000,400
719999,98,114.489998,97.457618,384.043186,145.763965,0.004246,9.155000,400
727999,116,128.565002,98.223233,417.290139,151.611243,0.004636,9.725000,400
735999,127,141.654999,98.576028,422.518340,165.851923,0.004720,10.615000,400
743999,125,140.740005,97.999172,423.808788,144.036207,0.004674,10.235000,400
751999,125,116.654999,98.455692,417.972856,92.606051,0.004658,6.265000,400
759999,129,166.759995,97.681896,420.465826,139.054237,0.004719,9.120000,400
767999,136,145.625000,98.776184,434.353990,137.465159,0.004804,8.825000,400
775999,133,149.190002,97.931493,444.341148,140.305829,0.004853,8.925000,400
783999,139,194.324997,98.282013,442.847389,132.518404,0.004744,9.935000,400
791999,129,132.559998,99.328873,427.094638,165.769737,0.004541,11.630000,400
799999,119,149.960007,98.286624,447.611173,171.530765,0.004818,10.605000,400
