#iteration,activeAgent,energyMean,costValue,walkGlobal,walkGlobalDeparture,AreaCovered,ReservoirSizeMean,RegrowDelayFoodItem
7999,115,124.205002,77.440987,434.440437,93.492280,0.004247,4.745000,25
15999,125,128.339996,76.551722,416.343637,154.914342,0.004239,8.190000,25
23999,138,153.460007,77.011557,402.413739,121.179273,0.004080,7.925000,35
31999,166,277.839996,74.952696,432.717869,129.619383,0.004396,8.505000,45
39999,166,240.414993,80.599682,453.356916,159.229299,0.004666,10.615000,55
47999,175,353.730011,94.318939,418.022860,125.672169,0.004299,8.420000,65
55999,159,268.660004,92.593083,424.692370,75.950700,0.004313,6.820000,75
63999,162,256.380005,91.720776,397.972203,86.400576,0.004046,7.120000,85
71999,166,275.994995,93.698255,405.442783,138.096737,0.004206,8.760000,95
79999,139,192.750000,86.791341,361.491963,122.375740,0.003730,7.300000,105
87999,164,235.494995,85.624887,433.471126,165.040329,0.004484,10.515000,115
95999,181,351.295013,82.684936,434.442732,182.166567,0.004660,7.970000,125
103999,180,337.309998,86.244954,382.195867,154.833126,0.004396,9.030000,135
111999,185,306.244995,80.715448,401.735872,129.230386,0.004798,9.030000,145
119999,180,328.119995,80.202746,414.238496,122.373208,0.004470,7.470000,155
127999,185,251.039993,66.170683,457.075163,111.404778,0.004919,9.565000,165
135999,160,191.839996,59.429486,358.867733,105.342999,0.004091,6.570000,175
143999,79,58.650002,53.403002,312.396083,46.174624,0.003453,2.785000,185
151999,123,139.809998,72.372817,229.110767,64.636846,0.003075,3.735000,195
159999,104,133.225006,77.807922,247.033073,71.717817,0.003450,3.965000,205
167999,102,91.705002,68.172898,250.447828,99.950756,0.003691,5.705000,215
175999,109,90.705002,60.032922,260.653056,103.491074,0.003625,6.030000,225
183999,91,55.419998,53.246798,217.949164,77.652893,0.003226,5.150000,235
191999,106,97.139999,58.349820,316.750801,70.558644,0.003882,5.305000,245
199999,107,90.044998,72.237039,265.921195,96.384340,0.003583,5.625000,255
207999,124,139.154999,78.202783,305.046874,111.827049,0.004050,6.610000,265
215999,116,116.620003,74.476348,298.938880,95.613133,0.003736,6.950000,275
223999,118,108.839996,61.795224,351.714014,79.612848,0.004160,5.925000,285
231999,112,129.565002,80.185673,299.554647,81.984299,0.004162,5.140000,295
239999,111,112.639999,85.512005,313.823332,138.046872,0.004276,7.585000,305
247999,122,124.834999,87.484468,337.787624,137.421160,0.004445,8.365000,315
255999,123,158.429993,80.978820,365.133597,100.933221,0.004134,6.530000,325
263999,109,121.419998,82.306820,355.987827,145.251534,0.004026,7.890000,335
271999,110,119.754997,83.400743,371.015097,128.052905,0.004082,7.120000,345
279999,105,92.044998,79.522454,380.708230,98.833033,0.004140,6.730000,355
287999,112,110.800003,74.732242,329.104158,106.715171,0.004024,7.645000,365
295999,98,120.610001,78.975487,270.277213,107.743789,0.003569,8.350000,375
303999,72,83.385002,83.609353,191.856653,79.531793,0.002809,5.135000,385
311999,101,134.514999,89.622192,228.812117,102.352833,0.003338,6.485000,395
319999,44,36.695000,84.814119,95.941016,33.478221,0.001516,4.480000,400
327999,74,61.849998,84.003973,136.665391,54.353478,0.002114,3.175000,400
335999,111,152.675003,90.621778,240.036800,112.224022,0.003171,6.180000,400
343999,87,99.004997,85.537684,231.602498,77.502785,0.002798,5.370000,400
351999,87,95.629997,83.266236,237.160946,105.404341,0.003354,6.770000,400
359999,123,152.824997,88.035082,376.813879,129.843674,0.004520,8.440000,400
367999,112,137.300003,91.313717,361.133283,139.458897,0.004001,8.290000,400
375999,123,147.175003,85.544380,372.725668,140.489651,0.004362,9.645000,400
383999,130,122.220001,80.613084,287.831190,131.236031,0.004309,8.120000,400
391999,131,111.074997,62.343354,289.958855,118.438893,0.004665,6.230000,400
399999,127,115.955002,71.037048,293.777224,119.768438,0.004416,7.225000,400
407999,104,91.910004,78.914332,188.819154,93.725775,0.003521,6.235000,400
415999,127,103.790001,71.541640,203.570158,76.936097,0.003570,4.650000,400
423999,119,87.480003,73.679285,179.307859,68.219563,0.003187,3.760000,400
431999,123,107.669998,77.809282,214.187116,82.304871,0.003539,4.655000,400
439999,135,118.754997,70.301067,322.018582,149.182090,0.004360,8.680000,400
447999,111,103.889999,77.797887,374.182658,129.178732,0.004511,9.810000,400
455999,122,136.735001,86.319009,423.437229,143.072229,0.004859,10.065000,400
463999,120,131.619995,77.302835,443.560988,138.255779,0.005128,7.710000,400
471999,126,132.809998,84.951154,435.261492,178.601170,0.004994,10.955000,400
479999,59,46.134998,59.622381,346.582901,117.785059,0.003688,4.900000,400
487999,89,66.730003,66.000545,307.390531,160.274415,0.003982,6.465000,400
495999,112,118.879997,84.558723,346.361872,135.420381,0.004428,9.515000,400
503999,130,163.414993,90.978337,420.187229,168.992407,0.004675,8.210000,400
511999,119,133.244995,88.633521,402.569183,160.942676,0.004548,9.600000,400
519999,122,129.399994,76.431310,352.555570,140.842062,0.003883,8.080000,400
527999,127,139.710007,89.165312,383.377176,176.521685,0.004378,9.045000,400
535999,119,135.464996,82.437888,378.762008,118.474145,0.004508,7.580000,400
543999,118,131.804993,85.476907,384.527407,127.308008,0.004870,6.690000,400
551999,117,134.139999,92.810450,378.764832,165.941509,0.004885,9.885000,400
559999,100,93.059998,89.005544,345.168117,169.069842,0.004751,8.070000,400
567999,103,103.330002,92.123779,365.485524,95.293454,0.004645,6.510000,400
575999,95,77.855003,78.201759,348.159924,144.616966,0.004508,8.950000,400
583999,108,99.735001,69.232336,347.147237,78.414964,0.004258,5.895000,400
591999,93,74.915001,66.238377,298.141081,131.365011,0.003654,7.660000,400
599999,108,83.745003,68.925483,376.974243,153.474955,0.004355,9.490000,400
607999,100,102.040001,82.328988,318.102399,131.340284,0.003902,7.680000,400
615999,120,100.650002,78.334872,363.993537,150.419758,0.004425,8.770000,400
623999,102,80.889999,75.764385,367.394367,72.467806,0.004250,5.515000,400
631999,99,82.504997,65.855868,336.418939,99.283846,0.003965,6.670000,400
639999,11,5.330000,61.699234,220.982559,38.723689,0.002519,2.830000,400
647999,98,53.915001,58.228854,347.110560,84.394112,0.003858,6.240000,400
655999,138,98.195000,69.958444,427.244105,110.216057,0.004620,8.455000,400
663999,128,106.745003,74.636576,462.780069,67.302830,0.004582,5.535000,400
671999,140,139.845001,78.797874,489.525241,112.943760,0.005138,8.465000,400
679999,136,128.664993,61.518752,453.888889,119.287536,0.004701,9.715000,400
687999,128,130.139999,77.232745,459.163514,100.806477,0.004737,7.400000,400
695999,123,86.309998,74.433169,380.322222,76.322145,0.004045,6.005000,400
703999,116,107.574997,75.569519,382.024535,88.799990,0.004088,6.560000,400
711999,124,121.510002,79.259203,384.043894,104.774510,0.004160,7.685000,400
719999,115,113.894997,77.805766,425.567346,134.755181,0.004503,8.715000,400
727999,120,130.214996,82.734688,407.837640,136.571733,0.004333,9.910000,400
735999,109,134.089996,85.684650,377.638633,134.744605,0.003960,7.910000,400
743999,119,135.759995,84.071265,387.200537,115.211966,0.003996,8.225000,400
751999,99,125.595001,78.272952,354.945333,106.348520,0.003648,7.580000,400
759999,85,87.885002,82.599149,343.786067,62.604662,0.003372,5.365000,400
767999,102,97.474998,72.542414,340.093228,129.523602,0.003516,8.315000,400
775999,102,108.004997,65.489136,263.750434,132.030927,0.002818,6.535000,400
783999,100,116.430000,66.671775,257.863942,112.362948,0.002889,6.385000,400
791999,74,89.480003,60.860489,194.149953,87.303274,0.002129,5.310000,400
799999,66,78.705002,71.628439,170.198505,62.371842,0.002158,4.290000,400
