#iteration,activeAgent,energyMean,costValue,walkGlobal,walkGlobalDeparture,AreaCovered,ReservoirSizeMean,RegrowDelayFoodItem
7999,84,84.995003,46.107666,239.464764,16.383704,0.002402,2.045000,25
15999,121,118.430000,55.722739,267.083082,75.009739,0.003286,5.645000,25
23999,167,312.970001,75.461907,320.032947,89.807253,0.004004,5.685000,35
31999,181,397.399994,74.015985,377.850149,101.667925,0.004514,7.425000,45
39999,183,354.584991,75.831266,334.982483,99.368442,0.004254,6.845000,55
47999,190,361.095001,78.548337,367.230547,131.079900,0.004483,8.290000,65
55999,186,288.385010,75.414353,358.297564,119.928577,0.004516,8.205000,75
63999,175,300.019989,79.695438,379.585705,135.515135,0.004577,8.520000,85
71999,163,259.709991,77.342181,319.275611,86.072652,0.004039,7.890000,95
79999,144,199.434998,69.294749,290.674594,89.192204,0.003712,8.015000,105
87999,138,220.475006,75.529179,284.642495,89.472884,0.003499,9.265000,115
95999,67,83.690002,81.598197,217.191747,32.493063,0.002640,15.375000,125
103999,87,204.210007,89.601991,243.902861,76.864262,0.002877,20.860001,135
111999,184,355.980011,92.234388,474.925496,135.275476,0.005114,10.135000,145
119999,185,324.920013,88.619913,489.576114,122.532875,0.005271,9.045000,155
127999,185,306.529999,85.830601,465.535377,159.700698,0.005111,11.010000,165
135999,160,237.880005,86.924121,446.658393,118.267528,0.004892,10.690000,175
143999,29,18.120001,84.267803,321.529973,47.510890,0.003428,3.330000,185
151999,1,0.340000,87.985599,274.537485,17.396558,0.002458,1.975000,195
159999,0,0.000000,90.377493,245.920148,13.401864,0.002049,1.930000,205
167999,80,50.320000,82.728095,264.467355,8.235023,0.001722,0.930000,215
175999,114,86.474998,89.659807,338.204079,9.433779,0.002482,1.285000,225
183999,117,98.144997,93.355273,302.729957,12.467702,0.002522,1.210000,235
191999,119,98.839996,94.435831,364.021036,13.945578,0.002840,1.565000,245
199999,134,121.089996,84.368890,259.547482,20.585875,0.002848,1.780000,255
207999,117,91.660004,71.233675,165.044622,24.220790,0.002256,1.670000,265
215999,125,120.690002,74.837677,104.647569,32.077346,0.001814,1.850000,275
223999,115,117.824997,80.357544,161.408274,29.353738,0.002395,1.685000,285
231999,94,108.150002,79.857385,99.208749,40.579500,0.001749,1.745000,295
239999,90,91.934998,78.936890,133.044427,39.324236,0.002124,1.960000,305
247999,111,130.274994,81.021999,106.231270,41.215623,0.001861,2.155000,315
255999,108,115.610001,83.418534,162.505102,36.824709,0.002358,2.140000,325
263999,91,103.525002,82.707435,221.414975,27.046148,0.002548,1.970000,335
271999,104,88.125000,74.232616,223.249003,26.183333,0.002542,1.845000,345
279999,113,94.584999,78.814950,155.636074,31.643995,0.002254,2.030000,355
287999,113,86.695000,80.478363,220.998571,25.585736,0.002734,1.910000,365
295999,110,70.544998,67.786494,220.691948,25.635008,0.002759,1.935000,375
303999,72,58.349998,84.230792,164.191248,19.336734,0.001822,1.840000,385
311999,60,42.660000,81.776210,146.141543,19.636992,0.001613,1.850000,395
319999,70,48.750000,82.730219,162.758724,21.309434,0.001940,1.650000,400
327999,88,69.474998,77.959418,157.595284,24.853655,0.002026,1.675000,400
335999,90,78.370003,74.533373,192.418856,27.869137,0.002351,1.825000,400
343999,94,64.900002,71.503486,204.670554,27.535717,0.002567,1.905000,400
351999,90,43.794998,61.370211,110.784954,24.091378,0.001820,2.135000,400
359999,107,61.125000,56.289668,201.168772,26.225188,0.002572,2.100000,400
367999,106,67.345001,51.094673,181.271082,29.272272,0.002585,2.250000,400
375999,105,73.315002,59.616478,132.227622,26.969040,0.002082,2.155000,400
383999,96,62.509998,54.612618,132.304156,28.332626,0.002102,2.220000,400
391999,107,60.264999,61.215240,147.986274,27.655351,0.002306,2.125000,400
399999,105,78.669998,60.525948,233.893093,25.976289,0.002578,1.710000,400
407999,110,73.275002,62.943435,268.995271,28.231579,0.002950,2.020000,400
415999,96,64.035004,78.761931,212.969608,31.325496,0.002864,2.445000,400
423999,112,70.654999,73.807514,155.389607,32.233436,0.002558,2.250000,400
431999,99,62.169998,72.862018,118.692582,27.088205,0.001981,2.160000,400
439999,101,72.750000,76.571002,128.284682,35.746756,0.001932,2.540000,400
447999,109,68.135002,68.953925,141.514717,33.521994,0.002088,2.545000,400
455999,101,76.415001,76.295342,131.370205,34.702015,0.002047,2.580000,400
463999,99,67.254997,83.996802,141.426495,43.381122,0.002186,2.890000,400
471999,98,70.074997,76.101388,206.012837,39.072081,0.002941,2.400000,400
479999,100,71.364998,74.197664,138.385607,37.023166,0.002201,2.695000,400
487999,114,90.809998,86.074458,214.554322,34.435276,0.003032,2.565000,400
495999,115,96.339996,88.278600,139.463418,32.620503,0.002486,2.565000,400
503999,104,93.059998,91.598872,216.188479,35.181829,0.003159,2.705000,400
511999,94,80.324997,89.702824,193.580015,33.393628,0.002953,2.145000,400
519999,88,74.330002,91.966540,197.393083,32.862151,0.003023,2.500000,400
527999,95,85.684998,93.416029,153.117674,34.541287,0.002616,3.055000,400
535999,100,93.180000,86.157386,121.252345,40.533673,0.002115,3.355000,400
543999,98,78.775002,85.570080,134.340845,43.768135,0.002392,3.415000,400
551999,88,85.995003,91.559711,109.069776,36.428152,0.001701,2.860000,400
559999,108,111.269997,96.233548,260.480614,42.430073,0.003627,3.720000,400
567999,86,78.275002,88.472998,215.750938,30.666620,0.002958,3.095000,400
575999,71,50.834999,92.021870,247.946541,30.431289,0.003278,3.505000,400
583999,85,65.775002,89.087945,172.066126,32.608790,0.002459,2.630000,400
591999,94,72.565002,90.097744,144.884358,29.742463,0.002405,2.055000,400
599999,95,78.055000,90.713940,91.710114,30.868288,0.001546,2.260000,400
607999,93,46.404999,79.377188,143.338635,29.195372,0.002260,2.430000,400
615999,96,78.165001,83.588121,109.862976,37.536281,0.001834,2.570000,400
623999,82,59.915001,82.248183,153.990485,34.486540,0.002318,3.285000,400
631999,39,31.965000,90.448281,100.309954,21.714426,0.001520,2.315000,400
639999,39,26.090000,93.323506,95.048988,29.363587,0.001563,3.570000,400
647999,80,70.464996,98.452209,257.320225,40.560511,0.003486,3.620000,400
655999,78,109.150002,97.921197,178.182879,79.444248,0.002719,3.840000,400
663999,71,103.355003,93.710658,176.806409,82.269357,0.002352,4.020000,400
671999,78,118.419998,92.483213,228.561941,89.873395,0.003015,5.850000,400
679999,59,72.794998,88.039710,165.450779,59.023321,0.002152,4.395000,400
687999,46,51.775002,82.970812,160.558001,60.033408,0.001789,4.790000,400
695999,80,89.150002,80.186898,225.441751,82.852974,0.003012,5.700000,400
703999,63,97.199997,83.791896,191.897226,74.098211,0.002315,5.960000,400
711999,103,107.945000,85.449029,281.774125,119.450057,0.003215,6.105000,400
719999,81,109.080002,88.177978,242.902560,91.465170,0.002570,6.365000,400
727999,54,66.434998,63.781685,194.160009,74.121882,0.001951,4.625000,400
735999,23,35.049999,83.925230,98.713929,33.695621,0.000952,4.770000,400
743999,12,15.505000,88.863175,86.773881,34.159135,0.000800,5.250000,400
751999,38,72.010002,89.075408,151.467180,54.155312,0.001411,4.375000,400
759999,34,56.715000,85.789112,116.593882,49.074900,0.001112,4.600000,400
767999,50,44.070000,76.762636,169.960775,66.193323,0.001724,5.320000,400
775999,55,69.519997,77.880279,167.281882,63.495710,0.001669,5.300000,400
783999,80,95.055000,63.127976,260.763024,79.036984,0.002683,5.115000,400
791999,81,113.160004,77.585699,229.303652,74.066741,0.002382,4.890000,400
799999,36,24.215000,85.751350,267.591842,60.605926,0.002785,5.060000,400
