#iteration,activeAgent,energyMean,costValue,walkGlobal,walkGlobalDeparture,AreaCovered,ReservoirSizeMean,RegrowDelayFoodItem
7999,142,198.274994,82.061746,183.284521,39.350428,0.002753,3.295000,25
15999,173,433.980011,91.144165,320.599180,61.201580,0.004184,4.265000,25
23999,165,331.885010,84.160586,327.721411,101.145839,0.004410,5.300000,35
31999,173,335.765015,87.212237,348.119825,88.667710,0.004392,5.960000,45
39999,169,299.559998,84.360617,383.318140,117.905221,0.004736,5.615000,55
47999,161,273.369995,79.778416,365.535518,83.948556,0.004387,5.590000,65
55999,158,287.799988,86.813405,373.171957,105.231269,0.004677,5.995000,75
63999,154,232.574997,88.712744,375.612483,124.423612,0.004765,7.375000,85
71999,158,229.580002,86.739812,336.152069,100.986734,0.004588,7.255000,95
79999,164,225.104996,81.161872,338.875835,95.816589,0.004787,5.450000,105
87999,176,251.869995,80.878184,360.773840,98.439579,0.004936,6.320000,115
95999,167,255.979996,81.771776,387.506671,101.358984,0.004979,6.005000,125
103999,167,219.860001,82.635194,383.074089,74.462043,0.004950,4.960000,135
111999,166,236.505005,84.529475,414.930433,83.928907,0.004883,4.105000,145
119999,165,254.619995,89.516217,388.408717,93.263177,0.004900,4.690000,155
127999,156,197.699997,81.899302,359.796934,72.410429,0.004629,4.510000,165
135999,164,233.274994,78.355552,443.779697,97.586803,0.005150,5.415000,175
143999,156,193.610001,78.351229,438.261882,107.664704,0.004936,4.770000,185
151999,146,183.320007,79.537101,381.983845,86.028476,0.004668,4.120000,195
159999,121,125.930000,78.240291,318.102409,76.668430,0.004081,3.860000,205
167999,156,205.654999,82.959480,413.570333,97.509749,0.004898,5.165000,215
175999,153,193.554993,83.096177,381.017069,144.099986,0.004824,8.940000,225
183999,165,188.800003,75.517087,409.581741,144.643011,0.005117,9.695000,235
191999,153,187.429993,80.281788,384.121635,121.589528,0.004917,8.430000,245
199999,160,199.940002,80.121849,409.840068,143.086057,0.005035,9.285000,255
207999,171,187.339996,79.795328,411.448546,142.402745,0.005166,10.030000,265
215999,161,193.304993,82.490704,411.404224,139.035536,0.005073,9.160000,275
223999,140,194.190002,83.706808,405.412582,129.945292,0.005014,8.190000,285
231999,147,183.664993,81.845521,410.150918,139.737475,0.005048,9.150000,295
239999,143,170.675003,79.290895,393.414435,124.474062,0.004856,7.170000,305
247999,139,166.625000,84.476122,370.379596,140.006341,0.004844,8.340000,315
255999,143,168.750000,85.155036,384.995459,143.185423,0.004854,8.525000,325
263999,141,157.899994,83.442736,384.748253,121.927324,0.004799,7.890000,335
271999,132,152.764999,84.901676,410.544789,143.670908,0.004974,8.570000,345
279999,136,139.324997,81.684546,423.480904,153.404218,0.005040,9.725000,355
287999,152,144.024994,78.575487,408.570071,136.994537,0.004930,8.925000,365
295999,127,139.210007,75.214804,353.469730,126.396940,0.004460,6.645000,375
303999,120,128.675003,74.286325,320.759370,110.226792,0.004220,6.190000,385
311999,121,110.025002,74.546374,307.106850,106.841632,0.004201,7.275000,395
319999,114,102.089996,68.464831,296.146839,105.811081,0.004027,6.295000,400
327999,113,107.184998,67.933273,277.860008,97.889680,0.003882,5.720000,400
335999,116,110.720001,75.210494,336.274676,122.747525,0.004388,8.220000,400
343999,132,123.245003,79.176629,360.601744,124.913896,0.004666,8.900000,400
351999,130,99.889999,74.143038,346.300362,138.509065,0.004520,8.160000,400
359999,127,110.500000,73.527410,369.612127,152.594077,0.004616,9.365000,400
367999,130,129.360001,75.449431,390.289351,152.025038,0.004604,8.700000,400
375999,125,106.680000,77.601473,370.357803,161.870417,0.004616,8.300000,400
383999,126,105.839996,77.844389,404.933959,153.241260,0.004848,9.515000,400
391999,134,111.279999,77.968187,418.213177,154.691922,0.004930,9.525000,400
399999,128,110.290001,76.121560,407.020477,153.795851,0.004851,9.505000,400
407999,136,110.535004,81.769049,375.549513,148.962458,0.004818,9.985000,400
415999,125,104.550003,81.710032,339.277905,136.676694,0.004611,8.690000,400
423999,121,96.830002,76.589079,310.863344,130.157472,0.004363,8.580000,400
431999,119,95.995003,79.640217,334.353388,134.247644,0.004498,8.705000,400
439999,110,93.385002,78.046468,315.365837,136.484023,0.004278,7.530000,400
447999,117,105.639999,80.978676,313.657782,143.031079,0.004258,7.120000,400
455999,95,69.355003,84.775081,251.952742,121.153734,0.003755,6.740000,400
463999,109,91.589996,84.016118,224.433487,100.843774,0.003684,6.140000,400
471999,126,122.074997,79.562746,322.061174,142.236109,0.004352,8.730000,400
479999,92,75.815002,76.002985,244.851468,76.125341,0.003551,6.130000,400
487999,113,105.650002,78.325473,276.393711,80.140130,0.003861,6.535000,400
495999,93,90.084999,78.297500,216.743891,53.486035,0.003063,5.770000,400
503999,94,105.154999,80.232663,239.955472,60.013587,0.003261,7.605000,400
511999,99,89.980003,75.598388,272.724001,75.066114,0.003716,8.185000,400
519999,116,91.019997,76.259273,300.733805,138.089904,0.003922,8.520000,400
527999,118,111.044998,81.525884,336.564359,160.857133,0.004355,8.550000,400
535999,114,106.980003,73.723440,320.507505,156.551821,0.004029,7.945000,400
543999,116,109.959999,71.865086,357.801728,159.548240,0.004210,8.760000,400
551999,113,123.974998,68.655944,323.692244,141.214832,0.004022,8.385000,400
559999,121,117.430000,77.976372,309.832646,125.760879,0.003980,8.475000,400
567999,119,102.330002,69.528319,333.237960,124.832908,0.004147,6.415000,400
575999,124,128.419998,71.460854,373.541275,147.904198,0.004435,7.795000,400
583999,115,120.165001,72.553577,330.532114,124.671831,0.003900,7.670000,400
591999,105,106.709999,75.956746,320.868937,134.124889,0.003870,8.735000,400
599999,109,98.824997,75.381416,332.187989,138.730974,0.003976,8.435000,400
607999,110,100.519997,76.465123,324.931094,101.071997,0.003971,8.735000,400
615999,105,78.995003,77.134712,330.248693,106.274978,0.004001,8.630000,400
623999,95,87.014999,76.538405,332.426419,136.293034,0.003914,9.650000,400
631999,63,66.769997,79.353302,225.973145,48.944116,0.002856,8.245000,400
639999,81,82.654999,83.945506,307.570049,68.491320,0.003703,6.380000,400
647999,113,117.930000,79.781027,359.876099,151.241968,0.004218,9.150000,400
655999,114,110.150002,73.695418,351.301520,146.248431,0.004200,8.605000,400
663999,113,117.040001,82.408094,362.609833,152.419534,0.004346,9.155000,400
671999,129,106.160004,74.075666,395.725277,164.422678,0.004575,8.850000,400
679999,123,116.589996,75.827383,396.380575,148.565188,0.004601,9.640000,400
687999,119,112.434998,75.684947,404.517238,169.023450,0.004633,9.965000,400
695999,122,111.625000,79.705211,427.486240,124.842500,0.004727,10.525000,400
703999,126,100.904999,69.961701,406.623461,166.146982,0.004574,10.820000,400
711999,113,104.735001,66.018441,385.216374,143.991200,0.004373,9.960000,400
719999,115,94.845001,69.289358,405.268123,140.305926,0.004533,8.240000,400
727999,118,93.824997,59.848369,431.473260,175.063368,0.004754,10.230000,400
735999,114,95.824997,59.520587,409.792363,162.614204,0.004510,9.885000,400
743999,119,107.250000,64.109593,392.313417,153.378486,0.004481,10.105000,400
751999,123,106.129997,64.905060,382.679886,167.693196,0.004436,9.490000,400
759999,127,114.224998,70.353668,371.380632,153.169480,0.004353,9.540000,400
767999,125,105.135002,68.433991,399.855187,157.146391,0.004600,9.120000,400
775999,121,125.349998,72.874670,392.862983,146.427114,0.004582,7.800000,400
783999,112,114.724998,70.349198,381.412629,162.667165,0.004358,9.230000,400
791999,124,122.620003,70.739335,365.878012,133.800593,0.004258,7.135000,400
799999,104,105.209999,68.386413,333.884366,154.832773,0.003998,8.710000,400
