#iteration,activeAgent,energyMean,costValue,walkGlobal,walkGlobalDeparture,AreaCovered,ReservoirSizeMean,RegrowDelayFoodItem
7999,58,36.314999,66.927994,147.375583,69.887243,0.002385,4.190000,25
15999,98,111.430000,72.337922,258.648806,93.538818,0.003493,5.915000,25
23999,173,279.864990,77.889664,300.089115,122.301164,0.003934,8.045000,35
31999,186,358.325012,79.703690,367.369778,124.600691,0.004330,8.255000,45
39999,194,446.809998,86.654593,409.201048,138.795244,0.004998,8.145000,55
47999,188,376.285004,84.767659,393.406083,142.741006,0.004575,8.690000,65
55999,186,373.364990,85.357979,458.344357,162.722957,0.005047,11.120000,75
63999,191,365.070007,87.799351,399.089521,161.569929,0.004439,9.705000,85
71999,183,318.119995,87.587459,394.053269,169.034605,0.004471,9.050000,95
79999,181,293.225006,88.132533,377.513907,159.586283,0.004376,9.140000,100
87999,177,268.984985,90.326858,374.017732,151.521778,0.004334,8.940000,100
95999,182,337.255005,87.492552,373.485263,128.326872,0.004842,8.925000,100
103999,180,318.214996,87.516847,408.163934,105.665657,0.005053,7.015000,100
111999,177,276.700012,86.332012,419.978595,119.244712,0.004815,7.170000,100
119999,174,330.019989,86.510453,412.259102,137.084572,0.004793,8.955000,100
127999,179,324.130005,82.960952,379.199198,140.872959,0.004620,9.020000,100
135999,176,314.285004,86.290477,390.181771,123.403285,0.004952,6.875000,100
143999,170,338.434998,87.568565,375.315531,134.117267,0.004616,9.680000,100
151999,181,324.665009,90.209142,385.298466,108.800603,0.004800,8.640000,100
159999,170,321.695007,91.106626,394.435685,84.570509,0.004585,6.285000,100
167999,180,380.135010,90.386872,406.971374,102.159966,0.004721,6.150000,100
175999,187,394.079987,91.549364,447.808902,99.878382,0.004935,8.035000,100
183999,186,390.019989,88.567211,443.382614,83.368093,0.004802,5.860000,100
191999,180,365.890015,85.201445,464.255366,137.147024,0.005046,8.390000,100
199999,188,396.329987,84.308327,470.569057,110.982621,0.004994,7.100000,100
207999,184,369.239990,83.882150,468.863665,107.078377,0.005044,8.210000,100
215999,191,398.269989,80.529130,472.634906,139.263279,0.005103,8.820000,100
223999,195,387.075012,80.945718,490.427652,134.500218,0.005380,10.220000,100
231999,194,369.059998,81.629149,472.404296,129.578411,0.005279,10.155000,100
239999,190,409.559998,86.291410,494.059618,125.912970,0.005385,9.930000,100
247999,194,397.549988,83.655165,478.827571,131.297614,0.005324,9.835000,100
255999,195,438.684998,85.251621,463.126064,132.389350,0.005202,10.350000,100
263999,196,410.720001,77.330362,485.246883,114.210494,0.005287,9.915000,100
271999,194,423.595001,86.485398,487.240325,123.292422,0.005343,10.835000,100
279999,191,412.904999,84.613088,491.007851,122.716562,0.005360,9.010000,100
287999,196,424.454987,83.842187,500.099720,129.490932,0.005411,9.430000,100
295999,194,418.265015,84.454224,492.115067,126.315727,0.005223,10.185000,100
303999,196,397.295013,81.831088,489.368800,107.855612,0.005204,8.470000,100
311999,193,397.415009,81.590852,488.930884,116.549371,0.005175,9.165000,100
319999,196,436.829987,85.016495,504.330326,131.755965,0.005322,10.280000,100
327999,198,424.445007,84.768911,503.153321,113.921887,0.005366,8.765000,100
335999,197,417.510010,86.014304,495.769352,94.169227,0.005272,7.845000,100
343999,196,421.940002,87.905090,496.833101,91.817725,0.005332,7.195000,100
351999,195,408.234985,86.781921,486.598361,86.549440,0.005238,7.505000,100
359999,196,466.660004,88.995478,480.408466,92.018633,0.005191,7.305000,100
367999,200,479.380005,84.798675,485.085949,118.632890,0.005244,9.415000,100
375999,199,472.505005,86.447894,478.596584,126.409601,0.005187,10.360000,100
383999,198,473.929993,86.783575,489.302506,116.546266,0.005282,9.970000,100
391999,198,473.179993,84.779727,470.657730,119.312513,0.005099,9.340000,100
399999,197,472.695007,85.199103,474.215322,122.589910,0.005219,9.740000,100
407999,198,480.174988,85.576704,472.055344,132.550243,0.005190,10.365000,100
415999,199,469.799988,79.672191,458.243020,129.129732,0.005017,9.975000,100
423999,199,446.484985,81.724704,475.228613,119.341633,0.005173,9.110000,100
431999,198,438.630005,75.902412,469.674357,126.613034,0.005100,9.575000,100
439999,196,430.325012,77.253287,462.657788,124.393217,0.005006,10.065000,100
447999,196,405.984985,74.630308,481.881729,128.294631,0.005190,9.690000,100
455999,196,396.589996,76.653478,483.502307,116.357049,0.005229,9.650000,100
463999,197,399.635010,75.972119,494.657634,84.182276,0.005298,7.120000,100
471999,193,375.024994,76.726698,484.669578,83.607057,0.005215,7.505000,100
479999,187,335.434998,81.171981,495.286775,76.646108,0.005278,6.160000,100
487999,189,337.089996,80.085526,489.008397,69.371441,0.005298,6.240000,100
495999,194,351.364990,79.208332,487.284419,75.432289,0.005324,6.810000,100
503999,196,377.130005,73.754924,479.985809,101.375314,0.005358,8.145000,100
511999,196,392.114990,77.689742,488.920648,113.137336,0.005380,9.410000,100
519999,196,390.165009,75.657070,483.126393,119.890450,0.005382,9.455000,100
527999,198,389.980011,71.681186,466.523518,130.656017,0.005315,9.505000,100
535999,199,383.984985,71.848477,476.860238,131.961399,0.005379,9.825000,100
543999,198,408.535004,72.369767,473.266105,126.920638,0.005325,10.040000,100
551999,196,409.204987,72.456727,470.620367,92.537335,0.005323,7.710000,100
559999,197,387.165009,67.306801,463.469700,124.168782,0.005318,9.530000,100
567999,197,438.100006,74.065215,469.907465,106.380386,0.005396,9.010000,100
575999,198,437.285004,78.133833,462.291686,102.271498,0.005429,7.900000,100
583999,198,434.954987,75.839595,477.151397,99.834825,0.005438,8.435000,100
591999,200,437.070007,77.667896,467.427658,133.986684,0.005481,10.080000,100
599999,197,421.915009,74.860213,465.935156,137.185371,0.005418,9.955000,100
607999,196,410.165009,74.023572,457.395887,114.137488,0.005348,9.235000,100
615999,195,392.660004,73.390099,412.496416,118.842597,0.005196,9.025000,100
623999,189,304.545013,67.966952,359.498628,123.939019,0.004730,8.345000,100
631999,178,308.315002,65.527460,326.075246,106.439120,0.004438,7.680000,100
639999,190,347.209991,74.509519,349.538675,127.092722,0.004762,8.480000,100
647999,194,355.924988,72.021751,364.484620,125.205304,0.004856,8.800000,100
655999,196,380.695007,70.578339,398.053667,127.815575,0.005077,8.855000,100
663999,193,354.765015,68.496870,397.684694,118.486936,0.004926,8.415000,100
671999,195,412.540009,71.934183,417.909296,107.262916,0.005053,8.210000,100
679999,195,407.875000,70.113912,423.147962,107.083789,0.005122,8.540000,100
687999,194,397.179993,72.415560,423.394662,138.878087,0.005142,9.280000,100
695999,193,377.239990,68.959500,399.022151,136.438979,0.004871,8.800000,100
703999,187,367.970001,68.878242,366.058387,131.143713,0.004636,8.595000,100
711999,194,401.519989,73.894444,395.493950,125.799069,0.004801,8.670000,100
719999,194,378.559998,74.215230,397.159062,137.713931,0.004770,9.725000,100
727999,195,370.410004,73.213913,388.467013,136.157506,0.004744,9.100000,100
735999,196,397.885010,76.155282,401.835041,133.964645,0.004940,9.900000,100
743999,192,403.869995,71.514427,419.221734,135.895723,0.005154,9.625000,100
751999,196,396.154999,76.077098,411.132480,85.801973,0.005060,7.160000,100
759999,195,383.195007,74.852166,427.820488,99.055625,0.005151,7.535000,100
767999,193,407.385010,77.904479,438.364438,147.799601,0.005180,9.740000,100
775999,191,362.670013,72.158800,441.874147,141.293229,0.005085,9.590000,100
783999,191,372.614990,72.143489,452.453968,144.706664,0.005094,10.035000,100
791999,181,363.475006,73.595046,410.283322,137.495198,0.004669,8.755000,100
799999,184,337.885010,71.580806,429.837197,138.258967,0.004923,9.755000,100
