#iteration,activeAgent,energyMean,costValue,walkGlobal,walkGlobalDeparture,AreaCovered,ReservoirSizeMean,RegrowDelayFoodItem
7999,179,257.320007,70.000000,359.672587,153.618004,0.004403,8.670000,25
15999,184,250.919998,70.000000,373.903095,144.770159,0.004393,9.335000,25
23999,161,171.604996,70.000000,394.965984,118.105870,0.004488,5.670000,35
31999,168,206.639999,70.000000,370.740385,141.846561,0.004461,9.425000,45
39999,180,233.514999,70.000000,362.220875,142.055062,0.004258,9.410000,55
47999,180,246.535004,70.000000,352.322610,120.118823,0.004738,7.530000,65
55999,145,138.524994,70.000000,367.809387,112.831578,0.004213,10.430000,75
63999,167,218.985001,70.000000,369.078132,125.047445,0.004517,8.360000,85
71999,176,224.669998,70.000000,414.913581,65.741383,0.004654,5.585000,95
79999,179,263.695007,70.000000,386.708582,99.717004,0.004689,7.185000,105
87999,174,258.980011,70.000000,386.561062,84.792348,0.004563,6.240000,115
95999,183,277.904999,70.000000,385.115204,120.940666,0.004797,8.010000,125
103999,171,201.229996,70.000000,303.623961,103.747181,0.004151,6.915000,135
111999,176,220.029999,70.000000,341.258370,77.508365,0.004368,6.570000,145
119999,172,230.764999,70.000000,359.124942,130.926655,0.004175,8.100000,155
127999,157,221.210007,70.000000,360.153497,104.403643,0.004182,8.550000,165
135999,146,109.360001,70.000000,377.084846,17.561285,0.003393,1.930000,175
143999,120,73.099998,70.000000,327.630276,10.999965,0.002458,1.355000,185
151999,128,82.989998,70.000000,403.322741,21.350856,0.004001,2.890000,195
159999,118,56.189999,70.000000,305.628625,12.332534,0.002611,1.690000,205
167999,121,68.894997,70.000000,203.357423,16.365168,0.002658,2.105000,215
175999,142,71.510002,70.000000,184.799593,18.390014,0.002594,2.160000,225
183999,169,138.429993,70.000000,326.310465,36.477577,0.004139,3.695000,235
191999,166,176.779999,70.000000,368.859759,78.483974,0.004847,6.335000,245
199999,163,153.179993,70.000000,293.286627,40.034224,0.004054,3.515000,255
207999,164,166.169998,70.000000,381.892660,93.561230,0.004765,7.845000,265
215999,151,118.205002,70.000000,217.233045,35.805624,0.003352,3.025000,275
223999,158,123.489998,70.000000,211.557560,68.172300,0.003631,4.710000,285
231999,170,160.550003,70.000000,367.596099,106.925706,0.005035,8.155000,295
239999,162,145.759995,70.000000,413.202632,49.347049,0.004586,3.885000,305
247999,146,117.230003,70.000000,361.699322,85.294337,0.004576,6.840000,315
255999,149,133.145004,70.000000,361.568597,87.653354,0.004794,7.120000,325
263999,142,120.254997,70.000000,329.509434,129.856611,0.004417,8.655000,335
271999,119,87.745003,70.000000,283.072691,59.027450,0.003903,4.785000,345
279999,141,112.625000,70.000000,367.609210,53.497152,0.004543,4.700000,355
287999,125,75.474998,70.000000,419.358477,40.041113,0.004516,3.595000,365
295999,143,113.565002,70.000000,312.104360,59.811290,0.004552,5.360000,375
303999,125,105.925003,70.000000,360.687797,51.720435,0.004534,4.420000,385
311999,139,89.894997,70.000000,342.042889,69.427560,0.004507,5.415000,395
319999,81,40.855000,70.000000,376.613426,44.978327,0.004246,4.115000,400
327999,118,80.135002,70.000000,348.310159,116.873893,0.004398,8.175000,400
335999,140,107.449997,70.000000,374.778774,127.143353,0.004593,8.140000,400
343999,151,115.404999,70.000000,375.643239,184.250670,0.004874,9.715000,400
351999,136,107.580002,70.000000,264.702457,83.588202,0.003950,5.035000,400
359999,125,94.724998,70.000000,263.484542,135.191654,0.004005,6.680000,400
367999,134,80.169998,70.000000,267.706191,107.634944,0.003976,6.395000,400
375999,131,85.605003,70.000000,254.112857,141.751110,0.003638,6.370000,400
383999,123,87.614998,70.000000,265.485359,105.970267,0.003773,6.025000,400
391999,122,88.260002,70.000000,276.628305,111.645027,0.003789,5.970000,400
399999,125,91.224998,70.000000,293.884893,124.657218,0.003919,7.110000,400
407999,101,82.199997,70.000000,242.552375,89.606740,0.003322,5.075000,400
415999,122,81.404999,70.000000,263.777814,134.393906,0.003635,6.910000,400
423999,106,77.230003,70.000000,305.739084,142.771180,0.004140,7.515000,400
431999,75,41.770000,70.000000,317.318621,170.816462,0.003851,8.325000,400
439999,100,68.849998,70.000000,354.519170,62.676259,0.004111,5.625000,400
447999,104,78.519997,70.000000,336.031488,172.187416,0.003818,8.020000,400
455999,100,63.950001,70.000000,356.036369,71.662776,0.003862,6.625000,400
463999,78,57.205002,70.000000,231.801521,66.336356,0.002643,5.130000,400
471999,103,72.195000,70.000000,380.457756,100.572742,0.004251,8.145000,400
479999,44,15.720000,70.000000,327.507034,27.860830,0.003249,3.275000,400
487999,124,90.839996,70.000000,379.310215,62.883419,0.004572,5.550000,400
495999,116,86.769997,70.000000,355.183803,99.619239,0.004023,7.285000,400
503999,103,77.389999,70.000000,348.341879,138.314007,0.003808,9.520000,400
511999,120,88.309998,70.000000,387.606171,116.821088,0.004232,7.855000,400
519999,122,82.300003,70.000000,382.461381,112.784714,0.004214,8.135000,400
527999,107,82.184998,70.000000,313.900545,114.302915,0.003876,9.065000,400
535999,92,67.775002,70.000000,290.843063,105.285544,0.003667,7.595000,400
543999,111,88.330002,70.000000,364.043437,135.589740,0.003913,8.105000,400
551999,115,84.724998,70.000000,415.037181,129.347688,0.004632,7.895000,400
559999,116,93.529999,70.000000,394.664952,120.821865,0.004338,8.985000,400
567999,127,96.235001,70.000000,402.774112,119.561146,0.004472,10.000000,400
575999,117,95.334999,70.000000,332.515203,117.598982,0.004085,8.575000,400
583999,120,90.949997,70.000000,312.858741,100.088882,0.004185,7.515000,400
591999,110,93.315002,70.000000,373.458814,118.973612,0.004229,8.975000,400
599999,105,68.074997,70.000000,363.482250,134.967315,0.004293,8.335000,400
607999,103,94.735001,70.000000,299.314512,88.262234,0.003796,7.995000,400
615999,99,69.144997,70.000000,263.661968,101.834891,0.003654,7.140000,400
623999,60,39.384998,70.000000,290.644377,65.151531,0.003397,4.735000,400
631999,42,22.295000,70.000000,343.168880,42.750868,0.003311,3.415000,400
639999,31,10.805000,70.000000,320.249387,28.600994,0.003038,2.595000,400
647999,105,84.184998,70.000000,290.554579,141.564125,0.003445,7.020000,400
655999,120,91.650002,70.000000,333.170077,154.001049,0.004313,7.945000,400
663999,110,89.230003,70.000000,362.594464,176.813010,0.004097,10.305000,400
671999,111,96.684998,70.000000,301.680443,158.870085,0.003348,8.695000,400
679999,108,81.339996,70.000000,325.766793,115.688541,0.003731,7.640000,400
687999,123,107.275002,70.000000,336.221095,152.925424,0.003781,8.395000,400
695999,107,88.285004,70.000000,335.562902,142.462381,0.003744,7.875000,400
703999,105,95.250000,70.000000,308.619624,136.453656,0.003326,7.460000,400
711999,103,95.584999,70.000000,304.776708,119.199868,0.003330,7.840000,400
719999,107,98.349998,70.000000,309.413732,135.799568,0.003429,9.025000,400
727999,121,115.699997,70.000000,378.195789,174.915664,0.003991,9.335000,400
735999,116,97.650002,70.000000,410.423393,105.336408,0.004312,7.360000,400
743999,116,102.574997,70.000000,383.817954,137.609984,0.004056,9.980000,400
751999,120,103.190002,70.000000,383.572386,137.077133,0.004166,9.310000,400
759999,128,108.705002,70.000000,403.782484,159.638544,0.004351,9.780000,400
767999,127,98.160004,70.000000,374.381868,171.039464,0.003957,9.480000,400
775999,116,97.400002,70.000000,363.654007,170.369376,0.003850,10.200000,400
783999,113,114.559998,70.000000,322.111373,145.788398,0.003507,7.710000,400
791999,80,71.669998,70.000000,323.723592,122.466207,0.003470,9.715000,400
799999,22,8.680000,70.000000,279.013110,32.486315,0.002434,2.785000,400
