#iteration,activeAgent,energyMean,costValue,walkGlobal,walkGlobalDeparture,AreaCovered,ReservoirSizeMean,RegrowDelayFoodItem
7999,121,205.725006,70.000000,263.498264,43.234612,0.003090,3.485000,25
15999,111,219.785004,70.000000,177.429658,22.867037,0.002350,3.065000,25
23999,54,119.250000,70.000000,107.172167,12.913790,0.001364,3.910000,35
31999,31,47.525002,70.000000,85.469809,12.787205,0.001056,5.495000,45
39999,28,28.490000,70.000000,68.081567,24.991279,0.001003,5.255000,55
47999,81,142.035004,70.000000,161.460746,51.762051,0.002183,5.995000,65
55999,135,196.119995,70.000000,245.656021,85.668581,0.003094,5.840000,75
63999,149,249.345001,70.000000,285.644789,78.734480,0.003509,5.105000,85
71999,158,234.600006,70.000000,305.118859,75.332860,0.003932,5.990000,95
79999,172,246.164993,70.000000,330.570579,112.244133,0.004230,7.790000,105
87999,165,244.940002,70.000000,344.251163,72.533132,0.004116,5.450000,115
95999,162,216.600006,70.000000,336.397412,103.126071,0.004086,6.975000,125
103999,155,183.130005,70.000000,369.035030,115.539728,0.004300,7.425000,135
111999,169,208.074997,70.000000,415.036877,101.845207,0.004691,6.685000,145
119999,166,190.429993,70.000000,400.776604,117.849409,0.004653,7.430000,155
127999,176,216.529999,70.000000,462.568500,100.720503,0.005130,6.845000,165
135999,165,189.919998,70.000000,495.366243,155.678386,0.005419,11.460000,175
143999,164,163.720001,70.000000,505.796913,161.584018,0.005459,11.315000,185
151999,148,152.059998,70.000000,455.791947,67.538220,0.004808,5.535000,195
159999,146,148.464996,70.000000,438.142758,102.004453,0.004847,6.925000,205
167999,160,163.115005,70.000000,465.202688,69.109389,0.004976,4.615000,215
175999,157,144.785004,70.000000,379.214594,79.838717,0.004794,5.850000,225
183999,154,154.994995,70.000000,407.533151,66.810939,0.004615,5.605000,235
191999,153,160.664993,70.000000,433.930085,122.124802,0.004982,8.250000,245
199999,155,155.875000,70.000000,407.567894,132.927053,0.004968,9.195000,255
207999,161,182.490005,70.000000,427.215698,119.310990,0.005043,8.475000,265
215999,165,164.824997,70.000000,484.142977,120.108201,0.005315,9.115000,275
223999,165,139.975006,70.000000,462.064591,149.147513,0.005221,10.500000,285
231999,155,133.824997,70.000000,446.798792,156.349962,0.005152,11.035000,295
239999,159,153.615005,70.000000,459.161860,104.716894,0.005048,7.735000,305
247999,160,152.300003,70.000000,489.670883,152.238375,0.005483,11.185000,315
255999,151,151.264999,70.000000,491.592818,128.755385,0.005350,10.285000,325
263999,154,123.970001,70.000000,498.368468,151.800622,0.005426,10.945000,335
271999,147,121.135002,70.000000,464.653277,135.211878,0.005154,10.845000,345
279999,139,110.195000,70.000000,407.437174,147.686518,0.004928,10.625000,355
287999,133,108.815002,70.000000,356.729178,122.119373,0.004652,8.110000,365
295999,134,94.870003,70.000000,395.840791,143.883286,0.004982,9.505000,375
303999,130,119.410004,70.000000,402.415970,157.289219,0.004730,9.955000,385
311999,113,103.105003,70.000000,322.466638,95.774460,0.003623,6.140000,395
319999,69,49.294998,70.000000,262.492390,66.832563,0.003475,4.235000,400
327999,103,93.864998,70.000000,237.841017,105.770454,0.003216,6.235000,400
335999,137,101.239998,70.000000,366.800030,139.083401,0.004558,8.695000,400
343999,131,117.455002,70.000000,355.225843,133.468848,0.004367,7.715000,400
351999,99,105.544998,70.000000,274.703347,80.441203,0.003495,5.550000,400
359999,126,131.179993,70.000000,328.858916,92.589146,0.004336,5.775000,400
367999,141,113.105003,70.000000,455.081752,123.852605,0.005102,9.050000,400
375999,143,116.364998,70.000000,479.117917,138.805803,0.005194,10.170000,400
383999,139,129.619995,70.000000,468.138046,156.181183,0.005052,9.720000,400
391999,138,105.105003,70.000000,459.016777,121.929823,0.004896,7.885000,400
399999,136,119.129997,70.000000,437.729465,128.477165,0.004798,8.885000,400
407999,123,131.714996,70.000000,368.397266,86.708404,0.004128,5.840000,400
415999,131,134.509995,70.000000,401.450290,136.232955,0.004523,8.785000,400
423999,143,134.770004,70.000000,455.327493,155.962591,0.004910,9.365000,400
431999,139,110.195000,70.000000,483.199599,133.391095,0.005179,10.135000,400
439999,152,127.620003,70.000000,482.991364,177.447347,0.005292,11.430000,400
447999,143,131.410004,70.000000,455.718307,105.971308,0.005159,7.915000,400
455999,134,82.620003,70.000000,432.504499,145.788873,0.005127,10.030000,400
463999,132,106.315002,70.000000,487.237992,90.981460,0.005103,8.235000,400
471999,137,83.875000,70.000000,478.754751,129.076987,0.005194,9.670000,400
479999,114,58.070000,70.000000,452.558942,150.112072,0.004859,10.080000,400
487999,118,85.839996,70.000000,456.075756,148.260818,0.004869,7.375000,400
495999,118,102.169998,70.000000,456.965129,124.753646,0.004744,5.590000,400
503999,69,42.994999,70.000000,376.892303,152.214985,0.003966,7.500000,400
511999,106,80.379997,70.000000,360.168642,156.977918,0.003991,7.550000,400
519999,115,69.324997,70.000000,362.223859,127.293900,0.004157,7.315000,400
527999,113,70.964996,70.000000,398.316446,131.011661,0.004512,7.385000,400
535999,106,69.309998,70.000000,368.252928,109.760031,0.004225,5.515000,400
543999,111,84.559998,70.000000,376.862418,125.273010,0.004400,6.940000,400
551999,125,76.910004,70.000000,315.733951,117.371163,0.003825,7.420000,400
559999,112,74.800003,70.000000,283.563686,97.834105,0.003488,6.225000,400
567999,121,80.154999,70.000000,271.973873,112.566918,0.003414,6.530000,400
575999,129,112.264999,70.000000,342.932939,115.987239,0.004140,6.930000,400
583999,111,93.605003,70.000000,259.228436,106.161920,0.003314,5.960000,400
591999,115,89.625000,70.000000,252.886873,111.535438,0.003297,6.015000,400
599999,113,87.065002,70.000000,255.072107,105.700568,0.003368,5.750000,400
607999,81,63.955002,70.000000,188.773287,67.738317,0.002510,4.265000,400
615999,67,46.735001,70.000000,120.983679,45.332407,0.001840,3.240000,400
623999,16,3.680000,70.000000,81.600718,30.566816,0.001291,2.165000,400
631999,52,21.059999,70.000000,107.143670,27.496565,0.001629,2.280000,400
639999,7,1.085000,70.000000,94.818084,19.713077,0.001193,1.905000,400
647999,101,89.555000,70.000000,185.397280,89.509897,0.002970,4.985000,400
655999,128,141.335007,70.000000,268.124373,124.556862,0.003734,6.050000,400
663999,148,141.210007,70.000000,403.056816,162.266388,0.004984,9.960000,400
671999,154,134.660004,70.000000,433.464252,137.748417,0.005194,9.355000,400
679999,148,148.169998,70.000000,444.254451,121.155407,0.005127,9.520000,400
687999,145,135.220001,70.000000,447.423531,141.704220,0.004979,9.710000,400
695999,131,106.605003,70.000000,415.388530,154.637493,0.004581,8.280000,400
703999,83,78.489998,70.000000,257.173791,93.263749,0.003029,4.895000,400
711999,134,118.669998,70.000000,398.379413,75.461312,0.004500,5.810000,400
719999,149,137.695007,70.000000,393.534023,154.453782,0.004587,8.390000,400
727999,129,117.660004,70.000000,354.306482,163.721385,0.004227,7.695000,400
735999,143,127.980003,70.000000,338.957071,112.771731,0.004419,6.620000,400
743999,131,104.434998,70.000000,370.871088,139.078413,0.004524,6.220000,400
751999,140,105.410004,70.000000,420.425698,147.580441,0.005082,7.545000,400
759999,117,83.434998,70.000000,266.049227,107.958559,0.003517,5.505000,400
767999,127,107.084999,70.000000,348.135339,153.742550,0.004440,6.340000,400
775999,156,120.930000,70.000000,401.686522,161.153160,0.005072,9.530000,400
783999,157,121.690002,70.000000,348.137841,124.230988,0.004863,8.505000,400
791999,145,124.415001,70.000000,379.052241,169.818431,0.004608,9.920000,400
799999,96,39.230000,70.000000,192.493124,91.992921,0.003145,5.285000,400
