#iteration,activeAgent,energyMean,costValue,walkGlobal,walkGlobalDeparture,AreaCovered,ReservoirSizeMean,RegrowDelayFoodItem
7999,110,111.614998,70.000000,209.834138,71.791668,0.003203,3.825000,25
15999,107,106.995003,70.000000,180.957997,61.685516,0.002850,3.335000,25
23999,136,143.630005,70.000000,224.151285,64.015064,0.003623,4.425000,35
31999,127,124.154999,70.000000,231.101663,81.371384,0.003479,4.705000,45
39999,114,143.820007,70.000000,265.789057,95.453983,0.003235,5.340000,55
47999,141,204.119995,70.000000,320.232888,104.725250,0.003986,6.250000,65
55999,139,181.270004,70.000000,317.857845,98.159696,0.003868,5.945000,75
63999,149,199.199997,70.000000,314.825170,101.994064,0.004235,6.765000,85
71999,145,158.550003,70.000000,230.908712,90.603344,0.003873,5.310000,95
79999,131,171.410004,70.000000,230.949029,84.220187,0.003810,5.555000,105
87999,105,113.525002,70.000000,208.352447,61.626364,0.003314,4.600000,115
95999,127,152.815002,70.000000,242.216925,78.124611,0.003731,5.400000,125
103999,137,145.949997,70.000000,276.842545,86.103402,0.004217,5.745000,135
111999,156,184.574997,70.000000,340.931102,121.646549,0.004500,6.715000,145
119999,166,171.179993,70.000000,442.392711,112.281150,0.005245,8.415000,155
127999,151,170.705002,70.000000,360.408810,106.360450,0.004304,7.085000,165
135999,162,168.779999,70.000000,424.431016,134.889066,0.004884,8.745000,175
143999,139,175.279999,70.000000,359.755886,104.597799,0.004383,6.970000,185
151999,162,154.869995,70.000000,433.130474,125.629925,0.004960,8.555000,195
159999,153,122.514999,70.000000,473.603657,140.610632,0.005219,9.490000,205
167999,156,134.100006,70.000000,479.702764,149.175957,0.005060,10.230000,215
175999,151,140.139999,70.000000,449.497667,136.837409,0.004786,9.795000,225
183999,168,170.824997,70.000000,456.054656,139.425954,0.005085,10.060000,235
191999,169,191.934998,70.000000,437.817768,142.133875,0.004929,10.175000,245
199999,139,158.130005,70.000000,339.391289,91.283137,0.003965,6.285000,255
207999,160,153.289993,70.000000,428.190297,138.341545,0.004906,9.230000,265
215999,164,142.720001,70.000000,508.645869,136.403319,0.005461,10.415000,275
223999,159,142.750000,70.000000,492.795476,164.848500,0.005231,10.480000,285
231999,165,187.824997,70.000000,489.497290,169.027646,0.005123,10.950000,295
239999,163,182.580002,70.000000,470.754984,160.838437,0.005107,10.085000,305
247999,145,151.475006,70.000000,441.871905,153.670511,0.005017,10.445000,315
255999,158,125.595001,70.000000,415.916209,135.546175,0.005025,9.185000,325
263999,140,103.599998,70.000000,403.955895,105.016491,0.004856,8.180000,335
271999,143,93.964996,70.000000,379.596580,101.467544,0.004874,7.840000,345
279999,148,122.385002,70.000000,362.315987,116.050870,0.004575,7.025000,355
287999,130,85.550003,70.000000,250.143412,76.829240,0.004046,5.480000,365
295999,49,15.490000,70.000000,125.345709,31.514369,0.001941,3.405000,375
303999,54,19.420000,70.000000,113.546564,37.617260,0.001883,3.245000,385
311999,17,3.035000,70.000000,86.211682,26.679581,0.001421,2.500000,395
319999,1,0.055000,70.000000,98.932536,18.644791,0.001543,3.510000,400
327999,20,16.270000,70.000000,163.779363,28.235723,0.002215,4.530000,400
335999,59,40.070000,70.000000,292.068461,61.325958,0.003679,6.555000,400
343999,107,68.885002,70.000000,290.639523,92.309910,0.004056,7.845000,400
351999,125,84.224998,70.000000,439.136239,151.412000,0.005164,10.290000,400
359999,140,82.599998,70.000000,479.196951,139.958631,0.005338,9.660000,400
367999,126,96.180000,70.000000,426.746215,142.757894,0.004913,8.280000,400
375999,126,104.230003,70.000000,439.833475,154.735444,0.004946,8.075000,400
383999,122,97.805000,70.000000,436.360882,136.526538,0.004819,8.470000,400
391999,119,86.695000,70.000000,436.540586,132.455961,0.004745,8.240000,400
399999,122,104.864998,70.000000,436.033500,130.039252,0.004713,8.075000,400
407999,106,76.879997,70.000000,402.655981,128.215225,0.004246,5.880000,400
415999,116,98.080002,70.000000,364.218215,117.545645,0.003937,5.955000,400
423999,123,103.714996,70.000000,351.276866,137.704786,0.003996,7.505000,400
431999,137,125.040001,70.000000,431.915829,171.084754,0.004766,9.195000,400
439999,114,104.620003,70.000000,325.592062,132.991647,0.003934,7.380000,400
447999,142,96.010002,70.000000,445.834335,142.612948,0.005136,10.610000,400
455999,126,125.334999,70.000000,321.238523,118.434095,0.003997,6.990000,400
463999,115,84.925003,70.000000,325.639996,98.072705,0.003889,5.240000,400
471999,111,123.065002,70.000000,301.926182,121.984329,0.003570,6.760000,400
479999,75,71.589996,70.000000,226.389697,82.713393,0.002706,5.545000,400
487999,109,96.995003,70.000000,389.486095,141.174934,0.004280,6.000000,400
495999,144,116.070000,70.000000,433.143442,157.414179,0.004929,8.225000,400
503999,143,93.074997,70.000000,385.045724,139.528794,0.004726,8.530000,400
511999,143,114.514999,70.000000,335.770738,132.355160,0.004491,7.145000,400
519999,150,111.245003,70.000000,343.439645,121.961075,0.004596,7.205000,400
527999,139,95.769997,70.000000,268.207854,121.257418,0.004187,6.965000,400
535999,126,112.660004,70.000000,234.580987,95.790198,0.003722,5.360000,400
543999,121,96.434998,70.000000,233.326522,77.912715,0.003372,5.160000,400
551999,106,67.779999,70.000000,267.204541,120.445593,0.004093,7.620000,400
559999,130,96.750000,70.000000,258.913127,91.181877,0.004139,4.830000,400
567999,141,107.650002,70.000000,347.971295,149.868306,0.004571,8.585000,400
575999,141,125.099998,70.000000,437.682700,174.646536,0.005059,9.095000,400
583999,153,144.095001,70.000000,456.320820,196.005858,0.005244,10.600000,400
591999,136,136.785004,70.000000,427.699156,123.941181,0.004762,6.765000,400
599999,141,143.434998,70.000000,408.486295,112.786237,0.004735,6.875000,400
607999,129,74.940002,70.000000,376.843851,151.821752,0.004968,9.475000,400
615999,140,105.279999,70.000000,352.186777,136.009938,0.004890,7.685000,400
623999,130,126.275002,70.000000,354.999936,126.630536,0.004469,6.710000,400
631999,20,11.600000,70.000000,54.163616,11.426937,0.000790,3.585000,400
639999,5,2.025000,70.000000,108.262921,9.126803,0.001009,3.205000,400
647999,12,8.145000,70.000000,52.118813,11.549792,0.000810,4.230000,400
655999,15,7.935000,70.000000,64.246362,13.824764,0.000932,3.930000,400
663999,12,8.360000,70.000000,44.861573,14.109401,0.000767,4.585000,400
671999,12,6.260000,70.000000,89.541855,12.706316,0.001172,6.195000,400
679999,13,10.165000,70.000000,55.800337,9.488280,0.000913,6.400000,400
687999,17,9.685000,70.000000,59.570815,9.512423,0.001032,6.720000,400
695999,19,7.345000,70.000000,114.140395,21.783345,0.001862,7.910000,400
703999,84,48.020000,70.000000,280.289566,32.996663,0.003210,3.290000,400
711999,124,73.535004,70.000000,410.334817,47.015830,0.004541,3.690000,400
719999,97,62.060001,70.000000,356.847637,40.863096,0.003859,3.070000,400
727999,102,63.360001,70.000000,302.006121,52.542717,0.003776,3.720000,400
735999,102,83.309998,70.000000,338.517912,43.751559,0.003532,3.025000,400
743999,80,67.995003,70.000000,237.097328,61.401309,0.003042,3.965000,400
751999,69,60.875000,70.000000,174.468763,66.093297,0.002447,4.290000,400
759999,48,28.730000,70.000000,128.186754,49.934157,0.002047,3.710000,400
767999,64,57.419998,70.000000,172.644438,56.365043,0.002310,4.010000,400
775999,63,49.665001,70.000000,181.123797,52.354540,0.002348,3.720000,400
783999,7,3.845000,70.000000,73.322215,17.490282,0.000958,2.795000,400
791999,22,13.110000,70.000000,85.649262,28.310993,0.001332,4.285000,400
799999,7,8.100000,70.000000,145.789793,24.656486,0.001470,3.755000,400
