#iteration,activeAgent,energyMean,costValue,walkGlobal,walkGlobalDeparture,AreaCovered,ReservoirSizeMean,RegrowDelayFoodItem
7999,102,139.824997,70.000000,140.040777,22.319442,0.002007,2.445000,25
15999,81,112.699997,70.000000,138.968403,30.726663,0.001845,4.230000,25
23999,96,171.559998,70.000000,195.580346,69.170803,0.002481,4.865000,25
31999,57,100.379997,70.000000,146.608738,30.145063,0.001733,3.875000,25
39999,44,77.370003,70.000000,133.918989,15.406855,0.001514,4.435000,25
47999,56,51.730000,70.000000,149.406293,32.300951,0.001885,6.590000,25
55999,92,166.914993,70.000000,197.821830,67.484224,0.002587,5.065000,25
63999,93,156.565002,70.000000,213.215482,65.582249,0.002603,5.325000,25
71999,110,185.000000,70.000000,251.260503,60.523788,0.002853,5.225000,25
79999,82,120.000000,70.000000,216.810454,30.661227,0.002530,3.705000,25
87999,124,200.199997,70.000000,274.313655,79.036420,0.003205,6.695000,25
95999,149,266.755005,70.000000,328.349040,104.732768,0.003727,6.985000,25
103999,180,371.714996,70.000000,389.817044,109.248278,0.004490,7.605000,25
111999,170,326.359985,70.000000,377.996896,120.330246,0.004253,7.740000,25
119999,190,392.924988,70.000000,417.034360,107.407589,0.004658,8.205000,25
127999,165,232.270004,70.000000,348.482747,81.025036,0.003923,5.775000,25
135999,118,127.239998,70.000000,361.864543,74.506579,0.004031,5.570000,25
143999,184,313.484985,70.000000,379.426413,125.630726,0.004244,7.630000,25
151999,169,330.320007,70.000000,366.419153,104.104491,0.004120,6.715000,25
159999,163,300.559998,70.000000,368.151102,98.912515,0.004001,6.955000,25
167999,134,276.019989,70.000000,298.428626,66.746533,0.003315,5.055000,25
175999,103,192.820007,70.000000,237.857038,77.443360,0.002738,6.340000,25
183999,111,194.914993,70.000000,256.948694,78.417257,0.002948,6.795000,25
191999,161,292.834991,70.000000,340.697736,102.501134,0.003909,7.610000,25
199999,174,328.380005,70.000000,389.937700,129.608254,0.004367,8.045000,25
207999,182,319.429993,70.000000,399.538444,100.361771,0.004488,7.795000,25
215999,193,342.875000,70.000000,415.139363,110.556745,0.004691,8.625000,25
223999,189,296.119995,70.000000,377.257172,106.009120,0.004596,8.295000,25
231999,181,307.195007,70.000000,374.447674,103.618094,0.004412,8.310000,25
239999,165,329.220001,70.000000,376.835118,102.962072,0.004361,12.015000,25
247999,194,329.109985,70.000000,373.853639,108.999281,0.004552,8.800000,25
255999,196,402.130005,70.000000,385.914197,87.121324,0.004537,7.395000,25
263999,193,339.119995,70.000000,357.160689,83.067001,0.004500,6.540000,25
271999,168,275.670013,70.000000,328.099325,74.948412,0.004173,9.875000,25
279999,154,234.625000,70.000000,261.669388,58.502024,0.003519,11.630000,25
287999,156,261.165009,70.000000,236.313541,66.623092,0.003272,8.935000,25
295999,159,246.690002,70.000000,252.003770,74.330550,0.003321,11.700000,25
303999,164,197.285004,70.000000,211.001109,67.686739,0.002941,5.050000,25
311999,184,309.184998,70.000000,290.762944,92.362616,0.003955,6.690000,25
319999,167,211.604996,70.000000,248.561151,67.424129,0.003599,5.490000,25
327999,159,189.304993,70.000000,257.328138,92.727534,0.003606,7.125000,25
335999,184,261.755005,70.000000,341.342687,84.916613,0.004471,6.815000,25
343999,187,284.304993,70.000000,363.179746,123.627020,0.004551,8.930000,25
351999,192,349.369995,70.000000,384.982111,126.724028,0.004818,8.920000,25
359999,195,346.940002,70.000000,400.397317,129.596585,0.004915,9.430000,25
367999,192,323.744995,70.000000,371.510971,106.455785,0.004716,8.955000,25
375999,192,345.915009,70.000000,336.086246,102.983674,0.004471,7.130000,25
383999,195,365.450012,70.000000,354.622740,113.981154,0.004695,7.730000,25
391999,193,371.994995,70.000000,367.783416,92.220436,0.004637,6.870000,25
399999,192,380.744995,70.000000,325.571469,93.149934,0.004410,7.065000,25
407999,197,381.714996,70.000000,322.386089,88.289920,0.004169,7.010000,25
415999,195,396.350006,70.000000,341.070251,101.654428,0.004230,7.895000,25
423999,196,373.695007,70.000000,332.215835,84.191914,0.004290,6.895000,25
431999,193,408.535004,70.000000,338.898807,85.431427,0.004206,7.320000,25
439999,189,407.725006,70.000000,327.184455,43.508752,0.003780,4.735000,25
447999,192,417.934998,70.000000,356.999566,56.016566,0.004105,6.100000,25
455999,188,403.049988,70.000000,319.542486,39.085630,0.003636,4.755000,25
463999,192,403.584991,70.000000,323.604054,38.474636,0.003676,5.690000,25
471999,187,324.980011,70.000000,371.861652,110.866977,0.004311,9.725000,25
479999,190,365.309998,70.000000,360.988824,55.677013,0.004054,5.545000,25
487999,196,357.309998,70.000000,415.413384,145.181597,0.004591,9.920000,25
495999,194,336.535004,70.000000,393.211387,117.921618,0.004401,8.870000,25
503999,190,356.609985,70.000000,385.275383,117.417302,0.004392,8.075000,25
511999,193,416.815002,70.000000,386.162960,71.370393,0.004346,5.640000,25
519999,191,396.184998,70.000000,367.219704,52.575529,0.003961,3.955000,25
527999,193,380.500000,70.000000,325.874899,71.627589,0.003855,6.090000,25
535999,190,362.605011,70.000000,347.007156,108.396900,0.004091,7.850000,25
543999,193,359.179993,70.000000,356.504139,110.342708,0.004263,7.900000,25
551999,196,375.535004,70.000000,351.580983,118.723091,0.004323,8.560000,25
559999,194,369.600006,70.000000,348.164858,115.688686,0.004284,8.775000,25
567999,189,354.345001,70.000000,419.773569,145.376275,0.004798,10.315000,25
575999,197,427.625000,70.000000,387.616666,109.661709,0.004542,7.560000,25
583999,197,422.570007,70.000000,374.544451,102.449978,0.004523,8.465000,25
591999,195,408.130005,70.000000,390.389283,127.373937,0.004625,8.890000,25
599999,199,364.234985,70.000000,345.512379,121.753937,0.004133,7.385000,25
607999,191,380.084991,70.000000,338.053432,99.079439,0.003988,7.295000,25
615999,195,437.160004,70.000000,277.916089,59.588324,0.003689,4.325000,25
623999,194,436.424988,70.000000,309.956134,48.540366,0.003878,4.530000,25
631999,192,358.515015,70.000000,265.477577,80.936596,0.003705,5.670000,25
639999,190,427.614990,70.000000,279.199460,50.478539,0.003636,4.275000,25
647999,195,422.855011,70.000000,378.244979,127.987366,0.004640,9.495000,25
655999,195,381.575012,70.000000,349.309136,115.260023,0.004431,7.630000,25
663999,194,408.295013,70.000000,316.535383,93.740228,0.004013,6.820000,25
671999,190,358.470001,70.000000,256.578505,65.440632,0.003410,4.870000,25
679999,178,295.095001,70.000000,298.524889,97.612219,0.003869,7.265000,25
687999,184,314.385010,70.000000,359.987538,121.982681,0.004268,9.205000,25
695999,193,313.864990,70.000000,357.542938,128.531182,0.004152,8.655000,25
703999,194,346.670013,70.000000,368.962186,132.312506,0.004180,8.730000,25
711999,189,309.769989,70.000000,342.030790,133.654822,0.003842,8.140000,25
719999,183,322.739990,70.000000,371.506687,132.611246,0.004131,9.060000,25
727999,182,254.274994,70.000000,334.201127,119.483899,0.003932,7.065000,25
735999,176,275.654999,70.000000,312.300523,53.766393,0.003657,4.565000,25
743999,171,298.084991,70.000000,320.567275,75.724592,0.003769,4.920000,25
751999,182,270.084991,70.000000,354.710267,114.119335,0.004152,7.990000,25
759999,174,211.949997,70.000000,359.409867,129.269333,0.004169,8.235000,25
767999,184,252.669998,70.000000,374.375806,139.238622,0.004365,8.590000,25
775999,159,214.039993,70.000000,379.109670,103.629586,0.004226,7.960000,25
783999,171,227.050003,70.000000,390.844633,98.717377,0.004361,7.530000,25
791999,166,221.695007,70.000000,416.999436,119.987908,0.004600,9.280000,25
799999,145,145.285004,70.000000,457.449515,95.184798,0.005008,8.865000,25
