#iteration,activeAgent,energyMean,costValue,walkGlobal,walkGlobalDeparture,AreaCovered,ReservoirSizeMean,RegrowDelayFoodItem
7999,187,500.795013,70.000000,313.646670,34.683588,0.003965,3.505000,25
15999,198,416.554993,70.000000,350.018652,99.051200,0.004734,7.145000,25
23999,192,291.600006,70.000000,370.566438,113.590378,0.004880,7.030000,25
31999,198,416.500000,70.000000,364.809303,79.892585,0.004828,7.145000,25
39999,198,449.359985,70.000000,376.474788,55.259018,0.004704,5.645000,25
47999,195,482.154999,70.000000,309.489401,34.134360,0.004016,4.105000,25
55999,196,425.934998,70.000000,211.545425,30.837785,0.003016,3.065000,25
63999,196,356.940002,70.000000,194.418195,31.717071,0.002853,3.550000,25
71999,196,372.484985,70.000000,196.058970,23.229697,0.002874,2.950000,25
79999,179,278.420013,70.000000,217.552726,41.620355,0.003300,4.000000,25
87999,187,410.059998,70.000000,280.467160,25.747797,0.003205,2.800000,25
95999,184,421.894989,70.000000,334.499849,50.257716,0.003771,3.830000,25
103999,190,389.385010,70.000000,342.767014,77.065103,0.003939,4.705000,25
111999,188,307.260010,70.000000,359.036354,111.337697,0.004267,8.590000,25
119999,179,330.345001,70.000000,345.055948,79.440130,0.004023,6.475000,25
127999,176,341.285004,70.000000,314.635279,55.727896,0.003530,4.405000,25
135999,187,478.630005,70.000000,322.466004,45.263474,0.003340,2.665000,25
143999,182,394.345001,70.000000,302.709977,47.996558,0.003239,3.215000,25
151999,191,394.774994,70.000000,340.717297,60.572695,0.003652,3.465000,25
159999,165,284.130005,70.000000,345.807997,65.066329,0.003622,3.210000,25
167999,188,397.859985,70.000000,328.526187,69.019605,0.003929,3.285000,25
175999,191,425.279999,70.000000,344.924424,57.129934,0.004221,3.490000,25
183999,188,405.359985,70.000000,356.327718,67.137225,0.004193,3.365000,25
191999,191,428.095001,70.000000,361.108660,73.500501,0.003952,3.325000,25
199999,197,508.315002,70.000000,369.385377,62.748310,0.003598,2.605000,25
207999,196,502.045013,70.000000,383.357800,57.663773,0.003779,2.555000,25
215999,193,465.734985,70.000000,357.662229,67.151285,0.003882,2.785000,25
223999,195,474.184998,70.000000,417.980176,97.611603,0.004338,3.665000,25
231999,195,474.964996,70.000000,426.364118,78.309251,0.004496,4.445000,25
239999,191,453.220001,70.000000,443.453177,87.158531,0.004504,3.960000,25
247999,192,400.535004,70.000000,474.725364,119.520552,0.005132,6.015000,25
255999,193,438.605011,70.000000,440.657242,122.161756,0.004511,3.805000,25
263999,189,422.790009,70.000000,393.609961,100.762764,0.003921,3.650000,25
271999,190,464.464996,70.000000,426.614444,96.870902,0.004526,4.160000,25
279999,194,444.269989,70.000000,424.480174,86.445721,0.004716,5.120000,25
287999,192,350.950012,70.000000,441.869654,98.699076,0.005127,8.980000,25
295999,189,321.065002,70.000000,455.997050,106.946847,0.005185,8.905000,25
303999,194,388.519989,70.000000,442.438356,109.714166,0.004950,7.955000,25
311999,194,415.279999,70.000000,440.306369,82.935303,0.004737,5.255000,25
319999,186,384.105011,70.000000,410.129360,73.369339,0.004534,6.140000,25
327999,192,390.795013,70.000000,409.955246,88.175936,0.004567,7.075000,25
335999,192,387.429993,70.000000,437.969820,106.953919,0.004759,8.585000,25
343999,194,366.420013,70.000000,388.645249,121.048653,0.004395,9.130000,25
351999,193,347.765015,70.000000,380.067314,114.613467,0.004364,8.925000,25
359999,196,348.954987,70.000000,382.061850,131.246932,0.004381,10.305000,25
367999,192,368.670013,70.000000,393.814879,121.963855,0.004410,10.165000,25
375999,196,375.380005,70.000000,389.195975,121.469970,0.004406,9.400000,25
383999,195,395.459991,70.000000,409.411449,129.505593,0.004595,10.250000,25
391999,195,375.595001,70.000000,400.650657,123.851013,0.004586,9.535000,25
399999,193,385.940002,70.000000,397.594553,129.395993,0.004511,9.480000,25
407999,194,335.339996,70.000000,424.740336,113.576521,0.004808,9.615000,25
415999,194,371.750000,70.000000,425.639821,139.299205,0.004821,10.815000,25
423999,193,388.665009,70.000000,415.821138,138.550895,0.004478,10.615000,25
431999,194,442.524994,70.000000,437.739158,134.533450,0.004630,10.455000,25
439999,197,441.480011,70.000000,433.510760,138.795558,0.004609,11.100000,25
447999,198,489.649994,70.000000,444.673089,136.595911,0.004692,9.730000,25
455999,198,478.540009,70.000000,444.333963,122.914766,0.004696,9.850000,25
463999,198,497.309998,70.000000,431.582145,107.838384,0.004768,9.220000,25
471999,196,490.279999,70.000000,449.082020,116.978083,0.004852,10.115000,25
479999,199,494.834991,70.000000,451.143944,117.498441,0.004854,9.525000,25
487999,196,422.265015,70.000000,452.629393,123.935124,0.004985,9.470000,25
495999,196,431.524994,70.000000,457.488899,113.195688,0.004898,8.805000,25
503999,198,434.315002,70.000000,460.099066,134.619120,0.004846,10.805000,25
511999,196,452.829987,70.000000,441.934485,142.240431,0.004735,10.735000,25
519999,199,445.820007,70.000000,446.107349,127.317902,0.004912,10.445000,25
527999,196,448.049988,70.000000,436.970220,132.578167,0.004828,10.390000,25
535999,193,450.095001,70.000000,421.615772,124.983855,0.004768,9.390000,25
543999,198,494.864990,70.000000,437.691513,128.046195,0.004926,10.110000,25
551999,199,505.850006,70.000000,440.202925,104.210452,0.004885,8.440000,25
559999,199,459.734985,70.000000,436.713436,111.952800,0.004809,9.640000,25
567999,199,465.290009,70.000000,448.127081,139.401131,0.004846,10.525000,25
575999,199,442.315002,70.000000,441.273881,95.207105,0.004787,8.445000,25
583999,198,446.630005,70.000000,440.105486,122.265306,0.004783,9.605000,25
591999,196,448.299988,70.000000,431.232052,55.074811,0.004616,5.395000,25
599999,198,487.575012,70.000000,435.962030,74.663901,0.004649,7.100000,25
607999,198,478.635010,70.000000,444.527356,109.674851,0.004750,9.350000,25
615999,197,530.284973,70.000000,452.064188,64.358496,0.004636,6.275000,25
623999,199,546.190002,70.000000,449.740150,91.911077,0.004694,8.175000,25
631999,198,547.815002,70.000000,444.288943,59.215004,0.004569,5.815000,25
639999,193,465.415009,70.000000,419.469376,106.768355,0.004403,8.915000,25
647999,198,500.100006,70.000000,402.859463,58.507659,0.004213,5.980000,25
655999,198,517.200012,70.000000,431.442562,75.248340,0.004491,7.675000,25
663999,199,515.174988,70.000000,418.601266,77.081899,0.004421,6.855000,25
671999,199,566.924988,70.000000,433.107924,44.732782,0.004363,4.240000,25
679999,200,584.224976,70.000000,416.309490,44.763566,0.004309,4.885000,25
687999,200,539.674988,70.000000,434.853658,78.823133,0.004575,7.085000,25
695999,199,565.070007,70.000000,432.409014,53.242434,0.004457,5.335000,25
703999,200,550.395020,70.000000,464.665616,63.561766,0.004693,5.835000,25
711999,200,570.585022,70.000000,461.854732,74.174270,0.004753,6.790000,25
719999,198,555.344971,70.000000,454.745648,72.436445,0.004670,6.740000,25
727999,199,523.510010,70.000000,452.038845,77.187849,0.004642,7.210000,25
735999,197,536.335022,70.000000,429.527328,71.698215,0.004513,6.475000,25
743999,199,559.434998,70.000000,441.309996,55.157663,0.004524,5.550000,25
751999,199,532.969971,70.000000,449.318803,35.556443,0.004388,3.855000,25
759999,200,575.510010,70.000000,422.282419,38.310603,0.004212,3.950000,25
767999,198,538.265015,70.000000,440.102285,76.431291,0.004585,7.825000,25
775999,198,535.419983,70.000000,426.439884,45.592415,0.004346,4.245000,25
783999,199,466.929993,70.000000,439.472774,88.281140,0.004726,7.335000,25
791999,193,468.820007,70.000000,432.473288,43.420497,0.004575,4.415000,25
799999,197,488.065002,70.000000,447.722774,36.416056,0.004481,3.790000,25
