#iteration,activeAgent,energyMean,costValue,walkGlobal,walkGlobalDeparture,AreaCovered,ReservoirSizeMean,RegrowDelayFoodItem
7999,125,106.625000,70.000000,209.236906,62.609165,0.003293,5.245000,25
15999,159,154.074997,70.000000,355.922943,118.353189,0.004261,6.720000,25
23999,184,392.769989,70.000000,333.726181,57.477090,0.004184,3.915000,25
31999,183,473.519989,70.000000,338.103980,44.982010,0.003984,3.215000,25
39999,198,475.540009,70.000000,364.736973,38.139747,0.004224,3.500000,25
47999,199,513.734985,70.000000,392.074962,39.023139,0.004680,4.120000,25
55999,200,244.934998,70.000000,341.359474,43.648563,0.004609,4.980000,25
63999,197,441.929993,70.000000,223.265147,16.724895,0.002789,2.580000,25
71999,199,453.695007,70.000000,354.268391,26.431350,0.004065,3.490000,25
79999,200,547.094971,70.000000,301.583144,19.258809,0.003285,2.515000,25
87999,199,544.484985,70.000000,324.396231,28.299022,0.003729,3.400000,25
95999,200,484.975006,70.000000,392.795052,48.538935,0.004605,4.935000,25
103999,197,504.290009,70.000000,306.798152,40.261841,0.003901,4.285000,25
111999,199,301.095001,70.000000,315.462581,51.071469,0.004213,4.945000,25
119999,195,252.574997,70.000000,265.818680,47.096873,0.003676,4.185000,25
127999,194,470.829987,70.000000,271.704819,25.085463,0.003334,3.160000,25
135999,197,317.394989,70.000000,277.547664,51.069529,0.003738,4.115000,25
143999,58,19.639999,70.000000,233.609609,98.720212,0.003805,6.155000,25
151999,166,172.929993,70.000000,336.961837,55.018611,0.004153,5.090000,25
159999,160,200.949997,70.000000,266.085386,36.112554,0.003621,3.735000,25
167999,186,267.010010,70.000000,372.019067,41.025006,0.004044,4.120000,25
175999,176,225.604996,70.000000,322.361784,29.334028,0.003470,2.985000,25
183999,194,445.434998,70.000000,396.764837,16.527010,0.003544,2.215000,25
191999,196,423.910004,70.000000,327.839365,21.346661,0.003495,2.485000,25
199999,197,344.734985,70.000000,353.991984,31.285410,0.004188,3.500000,25
207999,196,389.420013,70.000000,384.058995,32.411959,0.004279,3.355000,25
215999,198,453.190002,70.000000,379.433877,25.515252,0.004024,2.940000,25
223999,197,469.690002,70.000000,341.175254,22.004598,0.003758,2.685000,25
231999,196,350.630005,70.000000,417.061645,32.451860,0.004443,3.510000,25
239999,191,273.704987,70.000000,361.105545,29.586645,0.003996,3.040000,25
247999,179,224.044998,70.000000,315.937549,23.431118,0.003555,2.520000,25
255999,189,398.744995,70.000000,412.512240,27.331261,0.004015,2.900000,25
263999,196,428.945007,70.000000,388.191325,22.626458,0.003868,3.045000,25
271999,189,272.894989,70.000000,410.335039,31.049644,0.004140,3.610000,25
279999,194,381.709991,70.000000,372.967792,32.157194,0.003834,3.390000,25
287999,196,413.010010,70.000000,409.298755,23.783493,0.003898,2.885000,25
295999,192,412.529999,70.000000,376.517284,22.231006,0.003578,2.565000,25
303999,191,430.734985,70.000000,376.432040,20.464757,0.003625,2.970000,25
311999,163,279.524994,70.000000,242.095964,33.244126,0.002747,3.195000,25
319999,197,435.894989,70.000000,360.162060,30.042951,0.003767,4.025000,25
327999,197,437.640015,70.000000,380.971445,46.457927,0.003934,5.125000,25
335999,193,497.140015,70.000000,435.081147,25.135173,0.004088,3.340000,25
343999,199,547.530029,70.000000,397.502772,31.899328,0.004195,4.040000,25
351999,198,550.140015,70.000000,399.641484,38.517535,0.004290,3.695000,25
359999,196,548.640015,70.000000,368.008681,38.099217,0.004257,3.840000,25
367999,195,333.214996,70.000000,360.176497,121.012265,0.004290,8.050000,25
375999,198,443.424988,70.000000,412.589745,126.991411,0.004879,9.080000,25
383999,198,494.190002,70.000000,432.949169,99.622920,0.004786,7.920000,25
391999,200,521.260010,70.000000,424.972902,99.884223,0.004802,7.995000,25
399999,200,446.950012,70.000000,314.747114,92.989466,0.004233,7.430000,25
407999,200,454.545013,70.000000,383.158329,109.606194,0.004819,8.225000,25
415999,200,420.464996,70.000000,399.626941,126.270920,0.004848,8.665000,25
423999,200,389.704987,70.000000,350.596072,122.600111,0.004595,8.715000,25
431999,199,386.970001,70.000000,358.676428,106.867197,0.004583,7.945000,25
439999,200,501.204987,70.000000,373.218390,92.665512,0.004633,7.350000,25
447999,199,461.184998,70.000000,330.103276,95.467909,0.004358,8.020000,25
455999,200,476.119995,70.000000,256.840396,63.219586,0.003856,5.470000,25
463999,196,458.285004,70.000000,215.444283,51.220540,0.003327,4.420000,25
471999,197,581.059998,70.000000,262.373742,33.407542,0.003390,3.695000,25
479999,197,535.799988,70.000000,217.453500,34.370965,0.003016,3.760000,25
487999,196,517.729980,70.000000,213.052965,27.147001,0.002812,3.230000,25
495999,200,486.380005,70.000000,393.308291,120.123240,0.004816,9.175000,25
503999,200,472.994995,70.000000,384.467417,99.915014,0.004730,7.995000,25
511999,200,492.204987,70.000000,408.883137,126.447045,0.005032,8.940000,25
519999,200,527.239990,70.000000,421.483234,89.515649,0.004979,7.495000,25
527999,200,497.695007,70.000000,414.869889,104.568837,0.004871,8.410000,25
535999,200,460.809998,70.000000,441.280779,147.911329,0.004964,9.460000,25
543999,200,430.140015,70.000000,432.865428,148.858401,0.004985,9.700000,25
551999,200,402.144989,70.000000,460.175966,151.517858,0.005136,8.585000,25
559999,199,469.299988,70.000000,409.749581,106.346878,0.004780,8.130000,25
567999,200,487.109985,70.000000,416.667586,104.965374,0.004858,7.940000,25
575999,200,543.775024,70.000000,382.924907,77.068583,0.004591,6.550000,25
583999,199,507.005005,70.000000,413.107198,109.547231,0.004794,8.310000,25
591999,200,551.244995,70.000000,376.871337,72.025061,0.004399,5.905000,25
599999,200,473.559998,70.000000,389.279165,94.272921,0.004553,7.705000,25
607999,198,449.125000,70.000000,357.717543,85.398827,0.004349,6.960000,25
615999,198,467.859985,70.000000,352.903689,86.060685,0.004221,6.890000,25
623999,198,479.714996,70.000000,343.695085,74.106808,0.004090,5.545000,25
631999,189,441.839996,70.000000,338.280379,82.762672,0.004154,6.445000,25
639999,191,446.170013,70.000000,312.651974,58.449218,0.003715,4.925000,25
647999,198,508.250000,70.000000,363.819475,72.008387,0.004370,6.630000,25
655999,199,537.260010,70.000000,429.359183,78.146821,0.004783,6.475000,25
663999,198,557.830017,70.000000,429.229423,69.394699,0.004590,5.950000,25
671999,199,496.234985,70.000000,413.379511,81.947571,0.004478,6.750000,25
679999,197,469.850006,70.000000,402.745300,79.450151,0.004462,6.875000,25
687999,198,467.450012,70.000000,429.608511,85.471711,0.004609,7.315000,25
695999,197,490.940002,70.000000,443.037093,69.167555,0.004684,6.285000,25
703999,198,498.339996,70.000000,431.429763,51.800087,0.004464,4.925000,25
711999,198,434.790009,70.000000,419.769833,139.258877,0.004520,9.225000,25
719999,195,439.160004,70.000000,428.791571,119.460421,0.004654,8.185000,25
727999,199,454.195007,70.000000,406.335283,93.607273,0.004299,7.130000,25
735999,199,600.804993,70.000000,453.150928,65.180472,0.004729,5.910000,25
743999,199,607.705017,70.000000,442.161889,70.307434,0.004731,6.555000,25
751999,200,541.309998,70.000000,398.252958,49.660248,0.004263,5.520000,25
759999,200,552.909973,70.000000,427.277365,74.390113,0.004558,6.785000,25
767999,197,482.869995,70.000000,420.914270,73.348109,0.004460,6.955000,25
775999,198,536.150024,70.000000,439.401751,114.659183,0.004778,9.170000,25
783999,200,506.424988,70.000000,436.325457,115.317320,0.004727,9.065000,25
791999,198,519.219971,70.000000,413.335757,99.122005,0.004566,8.285000,25
799999,197,506.695007,70.000000,434.801266,130.535507,0.004650,9.355000,25
