#iteration,activeAgent,energyMean,costValue,walkGlobal,walkGlobalDeparture,AreaCovered,ReservoirSizeMean,RegrowDelayFoodItem
7999,145,274.350006,70.000000,323.250874,70.060205,0.003766,4.875000,25
15999,108,237.789993,70.000000,258.811167,60.496011,0.002921,4.035000,25
23999,79,115.644997,70.000000,185.164651,37.776741,0.002280,4.675000,25
31999,112,164.289993,70.000000,204.196567,45.865064,0.002530,4.080000,25
39999,137,177.350006,70.000000,207.678217,56.832015,0.002736,4.235000,25
47999,149,209.020004,70.000000,235.374817,59.327007,0.002985,4.425000,25
55999,123,165.164993,70.000000,205.086678,40.463568,0.002529,3.330000,25
63999,110,121.900002,70.000000,153.973460,46.798622,0.002193,4.065000,25
71999,141,162.020004,70.000000,180.770519,36.444995,0.002548,3.495000,25
79999,138,198.759995,70.000000,208.550746,53.027364,0.002781,3.610000,25
87999,101,190.770004,70.000000,182.568286,46.447518,0.002361,4.050000,25
95999,171,329.665009,70.000000,319.908755,41.763169,0.003824,3.680000,25
103999,175,351.200012,70.000000,352.795569,41.587144,0.003994,3.555000,25
111999,189,445.940002,70.000000,333.499911,32.221541,0.003843,3.150000,25
119999,99,91.355003,70.000000,130.182651,18.159008,0.001829,2.120000,25
127999,88,104.040001,70.000000,132.861288,16.176580,0.001849,3.710000,25
135999,137,180.380005,70.000000,188.743043,21.039896,0.002412,4.015000,25
143999,164,275.450012,70.000000,209.991712,24.638751,0.002687,3.750000,25
151999,173,314.619995,70.000000,249.901525,16.210209,0.002567,2.645000,25
159999,146,192.429993,70.000000,202.411255,15.499601,0.002226,2.940000,25
167999,162,251.164993,70.000000,182.879467,15.166577,0.002124,3.160000,25
175999,183,352.269989,70.000000,199.639718,25.256932,0.002689,4.030000,25
183999,185,358.385010,70.000000,253.159802,33.205387,0.003160,4.205000,25
191999,186,349.309998,70.000000,234.429226,24.087905,0.002799,3.140000,25
199999,188,376.345001,70.000000,353.153434,41.968002,0.004185,4.965000,25
207999,188,388.635010,70.000000,355.731001,65.631034,0.004220,5.695000,25
215999,183,374.355011,70.000000,371.621890,41.110088,0.004034,3.525000,25
223999,182,373.440002,70.000000,374.323669,44.109336,0.004217,4.135000,25
231999,177,377.220001,70.000000,375.468947,28.173013,0.003899,2.930000,25
239999,188,399.945007,70.000000,357.141034,34.296669,0.003971,3.800000,25
247999,156,336.230011,70.000000,314.663617,67.625399,0.003541,4.840000,25
255999,107,207.125000,70.000000,202.551455,53.152881,0.002280,4.845000,25
263999,122,303.345001,70.000000,235.541893,47.180051,0.002832,4.020000,25
271999,87,155.479996,70.000000,164.021633,40.387243,0.002378,4.840000,25
279999,134,249.804993,70.000000,251.956656,78.894788,0.003209,5.830000,25
287999,131,235.585007,70.000000,254.354449,69.050571,0.003249,5.040000,25
295999,180,453.704987,70.000000,331.109016,39.027635,0.003789,4.340000,25
303999,171,370.434998,70.000000,268.977285,17.747980,0.002790,3.165000,25
311999,160,274.980011,70.000000,262.380682,14.448985,0.002705,3.725000,25
319999,151,266.609985,70.000000,252.790398,14.312366,0.002645,4.535000,25
327999,147,255.755005,70.000000,237.158831,16.194196,0.002644,5.350000,25
335999,182,444.029999,70.000000,318.801638,26.596855,0.003527,5.105000,25
343999,191,495.049988,70.000000,374.751815,21.989395,0.003605,3.090000,25
351999,194,503.149994,70.000000,319.501923,18.508939,0.003285,3.175000,25
359999,189,494.920013,70.000000,302.445803,24.738171,0.003351,2.975000,25
367999,188,482.355011,70.000000,326.721361,23.172981,0.003520,3.030000,25
375999,192,490.345001,70.000000,353.718829,27.467585,0.003868,3.765000,25
383999,184,425.484985,70.000000,356.203296,39.491872,0.004066,4.165000,25
391999,176,342.494995,70.000000,332.900809,54.495403,0.004375,4.720000,25
399999,172,358.915009,70.000000,299.639074,44.832393,0.004187,4.435000,25
407999,186,442.964996,70.000000,335.475688,44.017079,0.004345,4.085000,25
415999,184,342.059998,70.000000,307.070691,58.593002,0.004542,4.480000,25
423999,177,348.290009,70.000000,305.087042,55.004246,0.004201,4.110000,25
431999,178,388.450012,70.000000,307.331914,52.168528,0.003942,4.125000,25
439999,156,371.010010,70.000000,263.103339,31.805068,0.003224,2.665000,25
447999,171,386.505005,70.000000,303.472634,29.655666,0.003328,2.175000,25
455999,177,381.295013,70.000000,252.676980,46.996231,0.003577,3.525000,25
463999,187,453.005005,70.000000,283.669807,45.502068,0.003913,3.710000,25
471999,171,396.489990,70.000000,220.175930,31.084304,0.002924,2.835000,25
479999,175,453.049988,70.000000,287.936987,33.830393,0.003600,3.265000,25
487999,197,453.130005,70.000000,377.195311,74.210455,0.004698,6.375000,25
495999,192,499.839996,70.000000,361.307057,34.487264,0.004015,3.410000,25
503999,178,480.415009,70.000000,323.971029,40.898473,0.003887,3.100000,25
511999,199,468.484985,70.000000,410.042680,106.559623,0.005177,7.610000,25
519999,196,471.904999,70.000000,447.587974,126.546202,0.005009,8.685000,25
527999,198,484.975006,70.000000,499.071119,94.286207,0.005296,8.150000,25
535999,198,436.790009,70.000000,469.545332,131.586160,0.005163,9.390000,25
543999,197,469.989990,70.000000,483.509088,116.355269,0.005270,8.945000,25
551999,200,450.665009,70.000000,496.931523,146.144159,0.005272,11.120000,25
559999,196,425.065002,70.000000,464.228988,122.733107,0.004838,9.295000,25
567999,196,457.450012,70.000000,465.050991,121.001463,0.004873,9.300000,25
575999,194,418.600006,70.000000,455.432114,131.214893,0.004977,8.735000,25
583999,198,432.904999,70.000000,440.103415,131.579906,0.004958,8.895000,25
591999,197,364.415009,70.000000,478.752712,134.424112,0.005153,9.735000,25
599999,181,390.475006,70.000000,455.022204,72.723269,0.004862,8.760000,25
607999,191,429.600006,70.000000,460.403124,90.546306,0.005060,8.240000,25
615999,191,335.630005,70.000000,461.467315,113.334844,0.004939,8.675000,25
623999,187,324.934998,70.000000,454.980057,107.810769,0.004825,8.675000,25
631999,187,374.605011,70.000000,439.746583,106.684791,0.004884,7.840000,25
639999,185,379.934998,70.000000,442.254990,84.890161,0.004891,8.270000,25
647999,194,398.045013,70.000000,443.610022,115.621452,0.004955,8.500000,25
655999,194,369.445007,70.000000,441.347075,122.066889,0.004954,9.720000,25
663999,195,418.209991,70.000000,466.262313,125.226832,0.005101,8.950000,25
671999,195,461.575012,70.000000,466.369127,112.430586,0.005052,8.325000,25
679999,197,446.019989,70.000000,471.840902,122.083250,0.005077,8.805000,25
687999,196,426.619995,70.000000,464.531097,133.396535,0.005031,9.935000,25
695999,196,500.195007,70.000000,459.076236,96.066008,0.004875,8.425000,25
703999,198,454.570007,70.000000,469.548426,117.310063,0.004986,9.200000,25
711999,197,450.464996,70.000000,483.360350,127.688319,0.005155,9.405000,25
719999,196,425.220001,70.000000,475.586075,138.357008,0.005161,10.235000,25
727999,196,422.734985,70.000000,452.403682,123.436224,0.004954,11.670000,25
735999,196,435.299988,70.000000,441.630150,120.636821,0.004907,8.950000,25
743999,195,467.100006,70.000000,447.146509,120.047743,0.004903,9.280000,25
751999,193,426.040009,70.000000,438.997272,125.381333,0.004671,9.825000,25
759999,194,447.799988,70.000000,441.089702,101.660928,0.004581,7.670000,25
767999,196,382.429993,70.000000,427.441061,111.116012,0.004406,8.820000,25
775999,195,421.850006,70.000000,450.319963,94.519840,0.004616,8.150000,25
783999,192,430.334991,70.000000,439.094068,135.368154,0.004561,9.380000,25
791999,187,384.299988,70.000000,428.441571,112.882048,0.004480,8.440000,25
799999,196,460.095001,70.000000,465.906812,146.004858,0.004874,10.015000,25
