#iteration,activeAgent,energyMean,costValue,walkGlobal,walkGlobalDeparture,AreaCovered,ReservoirSizeMean,RegrowDelayFoodItem
7999,156,342.755005,100.000000,233.611720,40.597266,0.003076,3.385000,25
15999,189,447.670013,100.000000,282.937065,47.764710,0.003715,4.500000,25
23999,180,404.470001,100.000000,290.782672,68.478859,0.003877,6.785000,25
31999,196,482.000000,100.000000,348.429632,114.580988,0.004538,9.325000,25
39999,196,509.684998,100.000000,414.573535,103.611704,0.004866,8.235000,25
47999,197,525.635010,100.000000,467.082272,120.501260,0.004908,10.285000,25
55999,198,578.625000,100.000000,457.417908,110.212181,0.004844,9.015000,25
63999,192,385.130005,100.000000,471.823563,153.116577,0.005254,9.670000,25
71999,198,557.544983,100.000000,435.524790,119.245442,0.004940,9.770000,25
79999,197,594.525024,100.000000,432.765448,109.932117,0.004797,9.150000,25
87999,199,540.580017,100.000000,484.013470,152.320331,0.005163,11.100000,25
95999,191,543.580017,100.000000,418.882241,111.231609,0.004471,8.810000,25
103999,195,360.524994,100.000000,473.423295,136.903675,0.005117,10.395000,25
111999,196,458.885010,100.000000,491.310150,166.518422,0.005311,10.365000,25
119999,196,552.669983,100.000000,497.553969,153.449098,0.005234,10.675000,25
127999,196,535.739990,100.000000,447.492444,145.333300,0.004705,10.720000,25
135999,191,535.945007,100.000000,432.011330,128.954590,0.004509,8.760000,25
143999,183,490.695007,100.000000,429.134197,120.093148,0.004474,9.680000,25
151999,164,400.695007,100.000000,382.675620,80.142183,0.003976,8.565000,25
159999,163,386.380005,100.000000,397.320221,82.863513,0.004092,8.285000,25
167999,169,404.494995,100.000000,445.544323,96.689756,0.004687,12.435000,25
175999,174,376.859985,100.000000,436.386684,91.316491,0.004592,12.365000,25
183999,191,519.159973,100.000000,474.847479,84.300388,0.004926,8.970000,25
191999,182,519.934998,100.000000,442.809200,92.399830,0.004687,10.980000,25
199999,195,531.354980,100.000000,451.192816,106.603222,0.004795,9.160000,25
207999,190,548.469971,100.000000,452.227486,104.425846,0.004799,8.435000,25
215999,197,607.414978,100.000000,461.979191,115.865541,0.004951,9.090000,25
223999,194,486.329987,100.000000,486.871186,139.190687,0.005352,10.840000,25
231999,197,391.089996,100.000000,506.375103,122.458078,0.005475,9.620000,25
239999,199,526.239990,100.000000,492.993252,143.263346,0.005269,10.965000,25
247999,199,574.885010,100.000000,498.454622,132.887407,0.005332,10.310000,25
255999,197,501.640015,100.000000,501.385738,142.035513,0.005329,10.760000,25
263999,193,530.554993,100.000000,459.615429,132.374291,0.004892,9.670000,25
271999,198,531.679993,100.000000,477.372007,140.519223,0.005119,11.475000,25
279999,197,414.845001,100.000000,485.966766,100.520312,0.005127,7.245000,25
287999,197,517.315002,100.000000,471.519708,132.660957,0.004922,8.915000,25
295999,197,605.880005,100.000000,476.474233,141.576542,0.005008,10.250000,25
303999,199,501.760010,100.000000,490.121300,137.695410,0.005212,9.650000,25
311999,195,594.059998,100.000000,459.814587,122.309536,0.004774,9.375000,25
319999,196,582.515015,100.000000,450.106696,135.395651,0.004713,10.005000,25
327999,199,567.030029,100.000000,456.343533,153.434695,0.004795,11.110000,25
335999,199,611.549988,100.000000,437.795638,107.840009,0.004667,9.335000,25
343999,199,592.469971,100.000000,422.138980,136.965384,0.004652,10.855000,25
351999,199,557.554993,100.000000,463.263138,135.664017,0.005139,9.615000,25
359999,200,685.049988,100.000000,348.175954,79.287451,0.004455,7.245000,25
367999,199,621.609985,100.000000,329.940548,93.233213,0.004410,8.640000,25
375999,198,651.895020,100.000000,333.779948,77.011075,0.004440,5.810000,25
383999,199,590.229980,100.000000,221.765715,47.877636,0.003164,4.620000,25
391999,196,554.219971,100.000000,363.250531,114.393369,0.004854,8.560000,25
399999,197,502.184998,100.000000,338.182292,103.365774,0.004714,6.890000,25
407999,197,534.455017,100.000000,363.603712,119.507299,0.004882,8.920000,25
415999,195,544.895020,100.000000,349.585068,115.980170,0.004591,9.085000,25
423999,195,547.755005,100.000000,382.187991,116.440865,0.004796,9.465000,25
431999,196,572.575012,100.000000,361.602023,117.571087,0.004741,8.235000,25
439999,197,443.170013,100.000000,239.265260,86.319492,0.003926,5.460000,25
447999,195,446.054993,100.000000,189.965960,54.764106,0.003188,5.725000,25
455999,193,486.579987,100.000000,269.353802,87.170382,0.004093,8.840000,25
463999,194,541.409973,100.000000,309.432977,109.882320,0.004423,10.270000,25
471999,197,481.315002,100.000000,268.495652,91.887278,0.004166,6.425000,25
479999,197,429.845001,100.000000,377.172865,106.992315,0.005025,7.510000,25
487999,198,426.149994,100.000000,321.800332,114.267248,0.004644,7.970000,25
495999,198,553.159973,100.000000,467.823151,136.470906,0.005386,10.315000,25
503999,198,531.280029,100.000000,443.728973,126.973188,0.005312,10.060000,25
511999,198,559.034973,100.000000,434.910156,132.543673,0.005142,10.325000,25
519999,199,555.184998,100.000000,366.846723,117.912973,0.004776,9.035000,25
527999,198,582.390015,100.000000,361.731775,118.783709,0.004600,8.900000,25
535999,198,628.419983,100.000000,380.904564,126.066874,0.004721,8.955000,25
543999,200,623.864990,100.000000,424.530161,130.163860,0.004839,10.590000,25
551999,197,583.164978,100.000000,345.614412,73.985321,0.004400,7.700000,25
559999,190,566.294983,100.000000,298.229608,111.795987,0.004149,7.815000,25
567999,198,671.344971,100.000000,364.411721,131.928265,0.004668,9.000000,25
575999,199,636.905029,100.000000,375.863456,103.471937,0.004652,8.740000,25
583999,197,638.719971,100.000000,398.005057,93.799475,0.004726,7.480000,25
591999,199,650.414978,100.000000,389.391993,123.541790,0.004658,9.010000,25
599999,200,529.940002,100.000000,374.979795,116.634083,0.004848,8.245000,25
607999,197,526.934998,100.000000,392.027212,126.750827,0.004877,8.890000,25
615999,200,617.184998,100.000000,424.492539,139.283938,0.005226,9.275000,25
623999,192,576.010010,100.000000,397.836125,136.473068,0.004900,8.810000,25
631999,200,635.075012,100.000000,369.807781,81.383161,0.004715,6.970000,25
639999,188,558.340027,100.000000,351.921851,66.968880,0.004372,6.455000,25
647999,199,646.775024,100.000000,412.492364,106.463225,0.004804,8.970000,25
655999,198,639.250000,100.000000,450.046173,105.160843,0.005020,10.510000,25
663999,198,667.159973,100.000000,452.713739,99.492555,0.004971,8.775000,25
671999,198,659.174988,100.000000,454.102762,122.255000,0.004901,11.945000,25
679999,199,689.809998,100.000000,470.960076,157.535383,0.005070,11.200000,25
687999,199,642.469971,100.000000,428.129899,85.594750,0.004889,7.425000,25
695999,200,667.099976,100.000000,465.251097,154.715397,0.005036,10.880000,25
703999,199,675.224976,100.000000,447.852037,100.931750,0.004923,8.235000,25
711999,198,599.635010,100.000000,471.629395,140.154944,0.005071,11.565000,25
719999,196,560.849976,100.000000,473.342967,157.715750,0.005072,11.655000,25
727999,197,639.844971,100.000000,449.282115,95.737693,0.004940,8.235000,25
735999,200,664.155029,100.000000,446.738965,96.360856,0.005059,7.625000,25
743999,199,680.815002,100.000000,430.797410,86.486220,0.005035,7.800000,25
751999,200,610.244995,100.000000,470.842843,142.053078,0.005258,10.520000,25
759999,197,628.664978,100.000000,430.386429,67.160266,0.004768,6.185000,25
767999,197,656.825012,100.000000,431.426254,69.442687,0.004747,8.930000,25
775999,197,671.974976,100.000000,436.277744,110.148078,0.004908,9.375000,25
783999,199,639.455017,100.000000,459.926232,133.400195,0.005170,10.435000,25
791999,199,675.525024,100.000000,417.714545,72.165419,0.004827,6.050000,25
799999,199,703.950012,100.000000,418.442243,78.855029,0.004803,6.805000,25
