#iteration,activeAgent,energyMean,costValue,walkGlobal,walkGlobalDeparture,AreaCovered,ReservoirSizeMean,RegrowDelayFoodItem
7999,168,334.450012,100.000000,375.051344,123.570003,0.004226,8.415000,25
15999,190,387.464996,100.000000,400.618905,170.896880,0.004414,9.620000,25
23999,181,424.885010,100.000000,412.507669,112.109873,0.004567,6.050000,25
31999,192,438.614990,100.000000,455.635805,151.458981,0.004982,10.600000,25
39999,192,422.644989,100.000000,430.962295,161.787922,0.004817,11.105000,25
47999,187,376.010010,100.000000,463.155981,212.800234,0.004984,13.200000,25
55999,193,358.964996,100.000000,466.701800,154.302888,0.005044,12.300000,25
63999,189,462.619995,100.000000,425.472629,147.680154,0.004566,10.450000,25
71999,189,384.140015,100.000000,420.007175,157.538731,0.004581,11.130000,25
79999,182,325.309998,100.000000,395.846254,193.244249,0.004526,10.815000,25
87999,191,376.049988,100.000000,479.911098,178.513144,0.005084,11.940000,25
95999,188,397.049988,100.000000,421.499578,163.834423,0.004686,9.950000,25
103999,174,315.545013,100.000000,409.882727,170.749551,0.004639,10.305000,25
111999,187,451.980011,100.000000,465.176753,120.921895,0.005061,8.905000,25
119999,194,443.230011,100.000000,486.293852,192.252434,0.005258,12.645000,25
127999,185,342.429993,100.000000,490.773779,172.621814,0.005296,12.940000,25
135999,186,383.584991,100.000000,463.746945,135.178420,0.005158,10.440000,25
143999,186,368.079987,100.000000,465.873306,122.969013,0.005025,10.045000,25
151999,177,383.739990,100.000000,469.003814,44.037077,0.004496,3.540000,25
159999,166,264.089996,100.000000,401.274408,145.585676,0.004221,9.565000,25
167999,187,369.704987,100.000000,475.329143,164.449004,0.005038,11.425000,25
175999,183,375.709991,100.000000,481.988352,152.683029,0.005113,10.940000,25
183999,185,368.084991,100.000000,474.351428,151.729763,0.005103,10.850000,25
191999,184,395.640015,100.000000,487.966833,156.022306,0.005205,10.710000,25
199999,191,286.179993,100.000000,496.229613,149.831879,0.005387,11.125000,25
207999,191,419.929993,100.000000,474.515890,145.885953,0.005268,10.820000,25
215999,196,451.695007,100.000000,499.976481,168.250736,0.005430,12.180000,25
223999,193,441.665009,100.000000,511.898004,138.694291,0.005494,10.775000,25
231999,193,449.424988,100.000000,504.688079,159.155287,0.005498,11.390000,25
239999,191,405.225006,100.000000,496.966763,103.637124,0.005424,7.475000,25
247999,197,475.700012,100.000000,461.693318,140.558136,0.005261,10.500000,25
255999,194,502.454987,100.000000,469.418987,148.979102,0.005336,11.165000,25
263999,199,587.780029,100.000000,427.619666,32.943080,0.004334,3.565000,25
271999,197,579.719971,100.000000,399.306701,36.705511,0.004353,4.070000,25
279999,196,634.169983,100.000000,380.599284,38.311221,0.004418,4.225000,25
287999,197,649.674988,100.000000,431.510738,35.083267,0.004525,4.105000,25
295999,196,623.085022,100.000000,451.206031,41.966785,0.004603,4.250000,25
303999,198,624.484985,100.000000,477.702039,51.158429,0.004823,4.450000,25
311999,200,674.039978,100.000000,452.091797,40.284893,0.004521,4.575000,25
319999,194,669.315002,100.000000,449.069726,45.887302,0.004465,3.930000,25
327999,194,554.705017,100.000000,478.034525,136.106410,0.005162,10.035000,25
335999,197,614.450012,100.000000,480.989039,148.474179,0.005201,10.495000,25
343999,199,596.635010,100.000000,462.239150,136.157452,0.005081,10.050000,25
351999,198,621.765015,100.000000,469.712372,121.298868,0.005045,8.390000,25
359999,200,566.400024,100.000000,500.735846,156.914421,0.005318,10.935000,25
367999,198,636.280029,100.000000,453.209330,58.308175,0.004515,4.170000,25
375999,200,640.440002,100.000000,418.987563,37.904810,0.004337,4.005000,25
383999,199,595.309998,100.000000,383.431319,56.927408,0.004269,4.115000,25
391999,199,608.945007,100.000000,418.352771,65.546950,0.004444,4.205000,25
399999,199,585.104980,100.000000,437.204109,75.302659,0.004386,3.755000,25
407999,199,610.119995,100.000000,454.145433,108.878391,0.005190,7.310000,25
415999,198,609.414978,100.000000,441.706367,107.207224,0.004968,6.550000,25
423999,199,610.565002,100.000000,425.976183,126.616715,0.005028,8.115000,25
431999,192,517.489990,100.000000,340.762265,126.980597,0.004228,7.055000,25
439999,193,520.065002,100.000000,353.358823,140.191881,0.004430,7.995000,25
447999,198,506.820007,100.000000,343.440789,134.556535,0.004326,8.620000,25
455999,193,570.405029,100.000000,398.364483,146.684038,0.004718,8.225000,25
463999,195,546.119995,100.000000,405.125575,148.936068,0.004673,9.605000,25
471999,190,542.885010,100.000000,446.266895,155.922617,0.004947,10.325000,25
479999,199,550.309998,100.000000,366.551857,140.055429,0.004567,9.335000,25
487999,198,582.210022,100.000000,380.588447,143.466668,0.004738,9.415000,25
495999,200,605.570007,100.000000,418.082525,134.638617,0.004915,9.785000,25
503999,199,608.364990,100.000000,457.935310,118.899517,0.005151,8.405000,25
511999,199,588.950012,100.000000,435.430858,141.108536,0.004858,8.975000,25
519999,198,602.809998,100.000000,444.307528,143.015134,0.004895,8.925000,25
527999,199,626.380005,100.000000,435.927778,145.800261,0.004762,9.555000,25
535999,198,610.205017,100.000000,413.628984,137.889912,0.004744,9.815000,25
543999,198,592.909973,100.000000,379.000431,101.685730,0.004525,6.015000,25
551999,200,621.715027,100.000000,378.819489,89.119745,0.004536,4.940000,25
559999,200,610.145020,100.000000,386.227218,119.612752,0.004503,7.475000,25
567999,200,638.255005,100.000000,397.392474,114.945588,0.004677,7.090000,25
575999,199,584.940002,100.000000,341.893604,93.038048,0.004275,5.240000,25
583999,200,661.015015,100.000000,392.421064,119.857362,0.004801,7.720000,25
591999,200,541.450012,100.000000,334.846906,116.473423,0.004189,8.935000,25
599999,200,549.804993,100.000000,354.795739,122.791068,0.004518,9.085000,25
607999,200,610.554993,100.000000,363.166387,114.613629,0.004699,8.635000,25
615999,199,559.049988,100.000000,273.773691,90.271905,0.004040,6.790000,25
623999,197,524.200012,100.000000,293.158834,98.357452,0.004185,7.790000,25
631999,194,505.410004,100.000000,293.449306,108.879954,0.004174,7.415000,25
639999,194,415.899994,100.000000,244.812507,88.594844,0.003776,5.730000,25
647999,192,485.739990,100.000000,261.464387,83.688425,0.003938,4.820000,25
655999,196,544.794983,100.000000,392.757355,135.836024,0.004829,8.940000,25
663999,198,445.250000,100.000000,369.372116,117.017167,0.004677,8.535000,25
671999,197,578.059998,100.000000,393.554055,118.771306,0.004881,8.650000,25
679999,195,498.554993,100.000000,337.105964,110.088430,0.004627,7.715000,25
687999,195,470.589996,100.000000,342.319620,120.691392,0.004671,8.560000,25
695999,197,469.100006,100.000000,370.579011,139.121776,0.004823,8.945000,25
703999,193,500.140015,100.000000,351.752622,111.739256,0.004865,8.665000,25
711999,197,532.924988,100.000000,364.977889,117.481639,0.004878,9.065000,25
719999,198,568.325012,100.000000,371.751289,109.607552,0.004938,8.890000,25
727999,198,569.525024,100.000000,433.780140,111.863240,0.005201,8.650000,25
735999,200,614.695007,100.000000,433.652147,126.338445,0.005053,9.670000,25
743999,197,565.085022,100.000000,400.063385,122.764504,0.004786,7.995000,25
751999,198,591.424988,100.000000,408.934758,134.855555,0.004982,8.815000,25
759999,197,539.575012,100.000000,333.579349,122.150073,0.004701,7.655000,25
767999,189,520.565002,100.000000,363.999369,110.866986,0.004787,7.420000,25
775999,194,450.535004,100.000000,380.492053,82.999681,0.005009,7.100000,25
783999,189,412.290009,100.000000,361.083332,119.073683,0.004802,8.165000,25
791999,180,416.730011,100.000000,334.605799,122.307610,0.004341,7.430000,25
799999,180,327.515015,100.000000,359.166676,141.525540,0.004611,8.745000,25
