#iteration,activeAgent,energyMean,costValue,walkGlobal,walkGlobalDeparture,AreaCovered,ReservoirSizeMean,RegrowDelayFoodItem
7999,170,312.975006,100.000000,273.491781,40.510787,0.003591,3.435000,25
15999,183,349.190002,100.000000,255.396524,28.702973,0.003318,3.815000,25
23999,192,402.250000,100.000000,326.832759,38.660165,0.003812,4.355000,25
31999,192,479.744995,100.000000,365.065423,39.204925,0.004148,4.925000,25
39999,192,453.765015,100.000000,349.590324,37.440998,0.004012,4.040000,25
47999,191,439.994995,100.000000,397.849505,43.809372,0.004459,4.910000,25
55999,192,490.510010,100.000000,400.209867,56.383655,0.004667,5.950000,25
63999,192,512.659973,100.000000,430.879970,83.254733,0.004995,8.975000,25
71999,191,461.774994,100.000000,397.093861,83.947371,0.004742,7.515000,25
79999,176,300.269989,100.000000,306.170700,122.087338,0.004111,7.435000,25
87999,189,423.100006,100.000000,332.661778,99.849158,0.004024,7.445000,25
95999,188,352.204987,100.000000,379.823161,116.159366,0.004534,8.605000,25
103999,194,471.089996,100.000000,441.031007,106.601884,0.004863,8.150000,25
111999,193,439.174988,100.000000,420.434927,81.133912,0.004723,7.375000,25
119999,190,435.415009,100.000000,409.837030,81.667788,0.004782,7.755000,25
127999,178,269.904999,100.000000,345.825208,139.605958,0.004590,9.090000,25
135999,178,298.040009,100.000000,272.401146,109.451227,0.004063,7.550000,25
143999,153,165.320007,100.000000,183.967152,74.799269,0.003305,5.990000,25
151999,173,223.324997,100.000000,210.543960,65.177767,0.003496,5.060000,25
159999,136,126.010002,100.000000,153.320989,61.897227,0.002798,5.610000,25
167999,154,208.770004,100.000000,179.307323,66.235785,0.003192,6.565000,25
175999,147,237.229996,100.000000,188.517516,67.499470,0.003165,4.685000,25
183999,142,257.660004,100.000000,218.862784,67.332115,0.003254,4.825000,25
191999,178,312.470001,100.000000,277.685330,64.815417,0.003916,5.600000,25
199999,185,366.899994,100.000000,251.429129,79.673556,0.003923,5.500000,25
207999,190,310.809998,100.000000,235.920124,73.648611,0.003816,5.150000,25
215999,188,369.915009,100.000000,242.726250,83.619553,0.003982,6.500000,25
223999,192,376.885010,100.000000,244.364191,65.652172,0.003976,5.425000,25
231999,189,347.285004,100.000000,217.234929,64.431833,0.003863,5.370000,25
239999,165,218.824997,100.000000,163.951044,66.317540,0.003192,4.815000,25
247999,166,198.820007,100.000000,136.980845,53.498901,0.002658,3.205000,25
255999,194,421.144989,100.000000,214.966579,45.558282,0.003405,4.070000,25
263999,196,380.429993,100.000000,212.635178,65.363433,0.003512,4.620000,25
271999,192,343.154999,100.000000,195.390483,53.543596,0.003213,4.510000,25
279999,175,253.164993,100.000000,136.436232,33.702980,0.002456,3.110000,25
287999,158,179.039993,100.000000,116.310031,34.769615,0.002228,3.360000,25
295999,148,145.240005,100.000000,135.277952,52.388889,0.002593,3.685000,25
303999,187,290.290009,100.000000,176.052027,67.045787,0.003170,5.115000,25
311999,146,219.645004,100.000000,92.707922,23.346916,0.001574,1.985000,25
319999,190,384.350006,100.000000,162.403155,28.991964,0.002795,4.015000,25
327999,174,261.964996,100.000000,104.423847,24.905848,0.001779,2.035000,25
335999,194,460.549988,100.000000,175.835174,41.364209,0.003130,3.675000,25
343999,200,468.899994,100.000000,270.278175,91.325253,0.004292,5.870000,25
351999,199,402.890015,100.000000,301.566414,99.488445,0.004566,7.190000,25
359999,199,439.040009,100.000000,356.784971,101.870882,0.004990,7.185000,25
367999,199,360.109985,100.000000,421.710300,108.151589,0.005478,8.615000,25
375999,200,566.510010,100.000000,413.633142,112.853438,0.005139,9.725000,25
383999,200,488.589996,100.000000,434.637861,115.915329,0.005332,9.220000,25
391999,200,462.355011,100.000000,444.375050,121.015215,0.005423,8.670000,25
399999,200,534.570007,100.000000,453.052154,125.055200,0.005436,9.430000,25
407999,197,637.775024,100.000000,402.405834,109.696800,0.004985,8.425000,25
415999,200,647.780029,100.000000,360.415643,110.944544,0.004790,8.580000,25
423999,195,399.174988,100.000000,439.253888,99.970828,0.005226,6.480000,25
431999,191,400.984985,100.000000,300.533193,100.602161,0.004475,6.975000,25
439999,196,543.114990,100.000000,342.213528,108.935766,0.004574,7.905000,25
447999,200,594.224976,100.000000,409.114497,121.409052,0.005030,9.605000,25
455999,190,463.505005,100.000000,373.312858,94.764408,0.004882,7.530000,25
463999,197,552.000000,100.000000,366.448304,114.323296,0.004822,8.055000,25
471999,196,564.344971,100.000000,394.601073,130.764204,0.004863,9.040000,25
479999,184,467.105011,100.000000,380.634447,69.556398,0.004682,6.085000,25
487999,197,472.019989,100.000000,303.948241,103.254696,0.004752,7.700000,25
495999,194,444.434998,100.000000,277.818938,114.216515,0.004546,6.825000,25
503999,195,474.304993,100.000000,290.004563,112.688804,0.004579,7.430000,25
511999,196,515.229980,100.000000,333.594644,108.040801,0.004769,7.385000,25
519999,198,576.359985,100.000000,345.004922,94.970355,0.005011,7.440000,25
527999,199,614.109985,100.000000,365.822650,106.111514,0.005066,7.860000,25
535999,200,579.109985,100.000000,370.589921,121.437912,0.005072,8.805000,25
543999,200,593.469971,100.000000,394.988434,96.396331,0.005226,7.525000,25
551999,196,559.789978,100.000000,387.521708,95.740929,0.005068,6.845000,25
559999,197,554.335022,100.000000,355.585216,98.209300,0.005168,6.650000,25
567999,197,542.604980,100.000000,341.581932,110.117275,0.005112,8.140000,25
575999,195,493.054993,100.000000,355.862593,131.368222,0.005066,8.325000,25
583999,184,412.410004,100.000000,271.405518,101.579715,0.004676,7.070000,25
591999,196,533.775024,100.000000,287.820369,80.803881,0.004672,6.125000,25
599999,197,526.200012,100.000000,309.506039,88.841757,0.004870,6.880000,25
607999,196,560.244995,100.000000,293.114957,64.335328,0.004526,5.140000,25
615999,199,627.849976,100.000000,374.853597,65.262764,0.004320,3.115000,25
623999,199,603.195007,100.000000,381.352478,63.210231,0.004693,3.810000,25
631999,200,589.390015,100.000000,401.669664,66.017139,0.004785,3.635000,25
639999,197,508.424988,100.000000,408.784566,57.084656,0.004469,3.330000,25
647999,194,521.380005,100.000000,444.247787,56.958850,0.004642,3.275000,25
655999,198,576.005005,100.000000,441.091432,70.888670,0.004996,4.240000,25
663999,200,597.469971,100.000000,431.485886,69.918151,0.004999,4.865000,25
671999,198,626.075012,100.000000,427.349257,90.876226,0.005003,5.365000,25
679999,199,559.364990,100.000000,392.588890,64.792190,0.004831,4.895000,25
687999,196,545.609985,100.000000,406.253520,77.261540,0.004872,4.745000,25
695999,197,543.739990,100.000000,384.072701,79.219432,0.004658,4.525000,25
703999,196,555.195007,100.000000,363.823529,80.503726,0.004772,5.230000,25
711999,195,554.145020,100.000000,383.766267,82.804370,0.004763,5.175000,25
719999,196,562.440002,100.000000,396.192214,54.190564,0.004273,3.025000,25
727999,195,578.044983,100.000000,381.084670,110.119565,0.004922,5.895000,25
735999,192,552.909973,100.000000,373.781694,117.474058,0.004929,6.505000,25
743999,194,523.594971,100.000000,346.326486,113.720454,0.004801,5.810000,25
751999,185,456.170013,100.000000,326.701454,104.803041,0.004468,4.530000,25
759999,175,391.575012,100.000000,321.306401,85.295841,0.004223,4.025000,25
767999,169,373.695007,100.000000,303.749822,92.392655,0.004035,4.745000,25
775999,173,393.605011,100.000000,306.634541,95.131041,0.004072,4.100000,25
783999,186,459.174988,100.000000,303.134244,78.258041,0.004100,4.070000,25
791999,163,377.100006,100.000000,274.664039,83.093413,0.003827,3.860000,25
799999,171,476.250000,100.000000,297.537400,104.916806,0.004195,5.075000,25
