#iteration,activeAgent,energyMean,costValue,walkGlobal,walkGlobalDeparture,AreaCovered,ReservoirSizeMean,RegrowDelayFoodItem
7999,180,386.839996,100.000000,354.138512,70.293787,0.004148,6.295000,25
15999,194,526.070007,100.000000,372.331692,57.032658,0.004547,6.055000,25
23999,196,567.710022,100.000000,411.504461,79.381483,0.004796,6.930000,25
31999,196,582.460022,100.000000,392.952601,81.659225,0.005065,7.755000,25
39999,196,542.015015,100.000000,349.308687,81.868165,0.004873,6.725000,25
47999,196,597.655029,100.000000,382.701710,60.926007,0.004835,5.125000,25
55999,193,531.719971,100.000000,367.466060,49.082594,0.004679,5.830000,25
63999,198,528.655029,100.000000,382.683459,74.801655,0.004505,7.605000,25
71999,196,561.054993,100.000000,440.288667,54.900851,0.004785,5.275000,25
79999,198,597.695007,100.000000,429.173861,84.541100,0.004683,7.745000,25
87999,198,576.799988,100.000000,406.516735,42.909318,0.004513,4.430000,25
95999,199,565.695007,100.000000,410.871382,33.172943,0.004301,4.075000,25
103999,200,633.215027,100.000000,426.786415,53.395604,0.004702,5.535000,25
111999,196,570.239990,100.000000,384.128623,41.689219,0.004257,4.535000,25
119999,196,574.989990,100.000000,420.042754,60.849265,0.004632,6.230000,25
127999,200,597.155029,100.000000,404.960389,69.541294,0.004819,5.925000,25
135999,197,574.395020,100.000000,388.427980,59.678854,0.004651,5.875000,25
143999,194,500.714996,100.000000,409.332481,62.896726,0.004922,5.625000,25
151999,197,483.304993,100.000000,318.046841,61.025810,0.004402,5.295000,25
159999,120,140.100006,100.000000,174.746966,36.973962,0.002672,3.445000,25
167999,158,235.365005,100.000000,180.330708,66.223930,0.002843,5.405000,25
175999,119,178.445007,100.000000,172.824647,81.297497,0.002527,6.445000,25
183999,95,146.464996,100.000000,155.291215,56.196253,0.002215,9.055000,25
191999,116,195.740005,100.000000,214.225418,80.812015,0.002809,9.610000,25
199999,177,361.834991,100.000000,316.180806,86.425170,0.004187,10.175000,25
207999,190,460.864990,100.000000,322.994373,111.407204,0.004258,8.090000,25
215999,184,288.920013,100.000000,211.213298,56.869769,0.003364,4.915000,25
223999,191,443.079987,100.000000,352.513545,90.649810,0.004533,7.850000,25
231999,192,331.834991,100.000000,364.723779,75.582956,0.004642,7.045000,25
239999,184,292.144989,100.000000,408.053949,60.989228,0.004909,6.505000,25
247999,185,319.424988,100.000000,364.448246,66.998782,0.004939,7.075000,25
255999,182,372.644989,100.000000,332.066544,118.830852,0.004668,7.685000,25
263999,185,340.239990,100.000000,304.447805,97.888499,0.004245,8.300000,25
271999,191,353.684998,100.000000,297.128775,97.845237,0.004036,7.255000,25
279999,186,300.619995,100.000000,345.051222,75.785376,0.004363,6.885000,25
287999,181,322.975006,100.000000,280.987970,86.655726,0.004070,7.295000,25
295999,158,284.345001,100.000000,290.434485,97.685430,0.003928,6.625000,25
303999,144,217.380005,100.000000,228.583781,83.034812,0.003252,7.425000,25
311999,156,274.114990,100.000000,304.313206,97.838991,0.004111,9.190000,25
319999,149,254.919998,100.000000,277.682153,89.579255,0.003689,6.835000,25
327999,177,370.859985,100.000000,334.982584,127.515172,0.004122,9.215000,25
335999,187,386.975006,100.000000,327.752311,107.087588,0.004316,7.725000,25
343999,188,429.820007,100.000000,342.337397,123.342324,0.004375,8.150000,25
351999,193,444.730011,100.000000,415.480777,119.120755,0.004972,9.605000,25
359999,194,525.414978,100.000000,415.329350,136.289977,0.004799,10.035000,25
367999,198,535.195007,100.000000,414.601191,107.875967,0.004812,8.415000,25
375999,174,226.800003,100.000000,332.964228,60.092190,0.004544,5.165000,25
383999,174,276.250000,100.000000,212.822806,65.445155,0.003672,4.990000,25
391999,182,402.959991,100.000000,286.946328,61.716162,0.004291,4.765000,25
399999,192,431.484985,100.000000,303.584918,50.572556,0.004384,4.350000,25
407999,186,322.765015,100.000000,267.579073,67.135971,0.004303,5.615000,25
415999,184,430.165009,100.000000,260.263145,46.717755,0.003937,3.790000,25
423999,187,404.845001,100.000000,218.963030,52.102178,0.003380,5.005000,25
431999,195,566.075012,100.000000,311.514174,60.850360,0.004290,5.595000,25
439999,199,580.869995,100.000000,351.468124,55.734287,0.004548,5.315000,25
447999,194,605.530029,100.000000,286.409736,35.030784,0.003852,3.470000,25
455999,196,605.849976,100.000000,304.177794,42.866096,0.004222,4.535000,25
463999,199,619.380005,100.000000,379.214761,71.460055,0.005024,6.100000,25
471999,196,538.960022,100.000000,451.576643,96.658037,0.005465,6.470000,25
479999,176,234.539993,100.000000,436.718099,179.979159,0.005415,8.550000,25
487999,173,229.509995,100.000000,349.034758,113.246485,0.004975,7.350000,25
495999,168,387.940002,100.000000,320.144012,91.622068,0.004192,6.220000,25
503999,167,325.820007,100.000000,293.966408,110.897302,0.004030,6.020000,25
511999,161,341.299988,100.000000,301.280447,117.601613,0.004059,6.945000,25
519999,185,389.445007,100.000000,368.330098,136.538624,0.004942,7.080000,25
527999,181,333.114990,100.000000,360.159204,121.472927,0.004881,7.520000,25
535999,193,471.605011,100.000000,343.027493,127.711249,0.004483,5.360000,25
543999,152,346.614990,100.000000,232.466896,73.538208,0.003401,5.520000,25
551999,122,293.424988,100.000000,217.948169,63.981537,0.002731,5.210000,25
559999,119,233.514999,100.000000,177.269069,82.982731,0.002714,7.945000,25
567999,97,220.130005,100.000000,171.116355,71.833601,0.002207,7.070000,25
575999,139,267.345001,100.000000,264.694667,110.055358,0.003340,6.970000,25
583999,119,235.720001,100.000000,205.023303,35.625917,0.002296,7.515000,25
591999,155,353.024994,100.000000,278.640568,78.727336,0.003355,5.890000,25
599999,138,262.355011,100.000000,249.033197,102.892210,0.003182,5.980000,25
607999,123,261.975006,100.000000,212.957869,70.298775,0.002690,7.155000,25
615999,72,131.550003,100.000000,99.080624,37.395699,0.001552,5.630000,25
623999,92,180.240005,100.000000,191.641746,42.612725,0.002467,4.655000,25
631999,78,68.199997,100.000000,177.393840,56.194607,0.002327,6.060000,25
639999,34,15.670000,100.000000,125.986931,57.333825,0.001932,6.515000,25
647999,94,179.884995,100.000000,182.117142,79.798519,0.002454,6.285000,25
655999,128,266.839996,100.000000,259.434684,135.848605,0.003250,8.205000,25
663999,191,554.169983,100.000000,379.335300,108.941254,0.004305,4.875000,25
671999,190,587.400024,100.000000,295.448225,63.076618,0.003741,4.125000,25
679999,194,595.750000,100.000000,348.116497,95.976537,0.004219,4.225000,25
687999,199,586.000000,100.000000,320.392115,89.238901,0.004590,5.835000,25
695999,194,595.364990,100.000000,408.894310,119.264088,0.004771,5.310000,25
703999,189,558.505005,100.000000,308.242793,98.837981,0.004058,3.905000,25
711999,194,597.179993,100.000000,389.750668,140.604084,0.004683,7.715000,25
719999,199,547.864990,100.000000,274.447657,91.846018,0.003850,4.350000,25
727999,196,624.429993,100.000000,299.080814,105.214442,0.004310,4.160000,25
735999,192,569.020020,100.000000,305.679272,100.765147,0.004347,4.945000,25
743999,197,568.789978,100.000000,353.684549,126.550094,0.004567,6.650000,25
751999,195,501.285004,100.000000,294.489053,98.788946,0.004033,6.515000,25
759999,198,591.385010,100.000000,320.588755,82.510359,0.004366,6.330000,25
767999,195,461.445007,100.000000,321.350133,127.838763,0.004300,7.755000,25
775999,180,307.750000,100.000000,395.598064,149.712980,0.004960,7.350000,25
783999,140,144.699997,100.000000,285.654022,116.476154,0.004014,5.910000,25
791999,113,96.065002,100.000000,270.557304,101.553702,0.003758,6.785000,25
799999,190,400.464996,100.000000,458.041593,172.477633,0.004991,9.590000,25
