#iteration,activeAgent,energyMean,costValue,walkGlobal,walkGlobalDeparture,AreaCovered,ReservoirSizeMean,RegrowDelayFoodItem
7999,175,371.934998,100.000000,424.838443,78.107515,0.004769,5.755000,25
15999,189,484.170013,100.000000,433.756351,94.294672,0.004876,6.320000,25
23999,192,393.130005,100.000000,376.553085,126.168478,0.004660,7.875000,25
31999,192,473.714996,100.000000,430.940092,113.124797,0.004904,7.585000,25
39999,178,292.760010,100.000000,413.600931,136.172761,0.004720,8.905000,25
47999,183,275.385010,100.000000,446.471504,136.673343,0.005064,10.450000,25
55999,179,272.274994,100.000000,438.522352,132.843828,0.005010,9.880000,25
63999,181,362.660004,100.000000,425.846285,126.678927,0.004936,9.950000,25
71999,185,428.665009,100.000000,421.969945,115.618167,0.004763,7.600000,25
79999,189,436.040009,100.000000,454.195889,124.702145,0.005004,8.605000,25
87999,187,441.619995,100.000000,424.373050,117.362022,0.004704,7.810000,25
95999,191,385.494995,100.000000,434.508467,127.603078,0.004840,8.875000,25
103999,191,411.315002,100.000000,430.027647,128.886224,0.004881,9.510000,25
111999,192,440.494995,100.000000,404.010448,110.066964,0.004702,8.180000,25
119999,183,423.695007,100.000000,379.604988,114.804198,0.004546,7.910000,25
127999,191,491.089996,100.000000,401.765501,103.844721,0.004716,7.105000,25
135999,189,449.649994,100.000000,372.695598,106.556238,0.004500,7.910000,25
143999,194,453.325012,100.000000,413.687172,112.029023,0.004876,9.270000,25
151999,187,405.834991,100.000000,401.827675,121.801930,0.004723,8.875000,25
159999,184,314.690002,100.000000,425.091209,142.065322,0.004920,10.680000,25
167999,182,360.359985,100.000000,431.963629,138.060940,0.004829,10.610000,25
175999,194,411.734985,100.000000,454.867457,139.197335,0.005055,10.930000,25
183999,193,500.760010,100.000000,457.069804,112.162113,0.004917,7.870000,25
191999,192,570.364990,100.000000,461.055511,85.867056,0.004895,5.860000,25
199999,196,608.700012,100.000000,445.276288,56.592225,0.004660,4.525000,25
207999,197,608.739990,100.000000,443.067960,68.923642,0.004838,5.160000,25
215999,197,585.070007,100.000000,444.835857,93.762494,0.005130,6.920000,25
223999,198,597.815002,100.000000,438.630269,62.218645,0.004872,5.385000,25
231999,197,638.669983,100.000000,443.414592,52.313540,0.004865,4.320000,25
239999,199,610.580017,100.000000,445.370057,87.506738,0.004969,6.705000,25
247999,198,588.184998,100.000000,460.532542,74.021981,0.004886,6.340000,25
255999,197,601.085022,100.000000,459.787868,73.660599,0.004896,5.780000,25
263999,196,554.739990,100.000000,454.760379,91.878114,0.004934,6.795000,25
271999,197,467.204987,100.000000,436.061506,122.674712,0.005088,9.065000,25
279999,196,501.774994,100.000000,429.063043,104.068934,0.004987,8.245000,25
287999,195,539.494995,100.000000,434.385060,106.578824,0.004903,7.675000,25
295999,195,563.775024,100.000000,451.761338,87.621052,0.004956,7.560000,25
303999,197,513.645020,100.000000,454.458042,97.437342,0.005029,7.990000,25
311999,189,415.005005,100.000000,441.392144,122.489270,0.005017,10.100000,25
319999,136,163.660004,100.000000,439.982410,103.917873,0.004777,6.830000,25
327999,172,276.665009,100.000000,447.418027,102.166218,0.005034,6.810000,25
335999,189,383.940002,100.000000,459.983317,166.286119,0.005212,9.815000,25
343999,191,427.515015,100.000000,444.734380,148.689978,0.005181,9.990000,25
351999,192,421.920013,100.000000,456.118289,138.915595,0.005156,10.390000,25
359999,192,457.609985,100.000000,420.696588,94.122553,0.004682,8.500000,25
367999,191,470.480011,100.000000,432.104476,111.127710,0.004734,9.100000,25
375999,192,466.244995,100.000000,402.679224,99.523504,0.004440,8.360000,25
383999,190,477.540009,100.000000,374.749001,91.736502,0.004448,7.400000,25
391999,190,442.040009,100.000000,358.330504,103.059571,0.004476,8.030000,25
399999,193,470.345001,100.000000,388.113336,95.953859,0.004647,8.355000,25
407999,190,451.510010,100.000000,370.980945,106.803390,0.004448,8.390000,25
415999,191,476.100006,100.000000,408.061864,81.819082,0.004736,7.440000,25
423999,192,459.579987,100.000000,415.766566,104.603023,0.004848,8.810000,25
431999,192,436.420013,100.000000,404.039410,120.269142,0.005017,9.380000,25
439999,188,379.684998,100.000000,386.853027,119.719830,0.004955,8.815000,25
447999,178,363.404999,100.000000,394.427124,150.710351,0.004836,9.230000,25
455999,177,352.859985,100.000000,372.764605,140.996234,0.004685,8.760000,25
463999,188,375.785004,100.000000,360.249628,134.843420,0.004508,8.880000,25
471999,183,337.040009,100.000000,342.586949,118.966897,0.004250,8.280000,25
479999,177,366.304993,100.000000,352.493483,104.094401,0.004501,7.900000,25
487999,187,432.040009,100.000000,375.125266,96.303389,0.004760,8.510000,25
495999,194,391.234985,100.000000,389.401156,138.265461,0.004879,9.850000,25
503999,190,414.994995,100.000000,407.856451,136.333342,0.004754,9.955000,25
511999,190,410.500000,100.000000,400.936381,89.388610,0.004605,8.250000,25
519999,190,414.765015,100.000000,414.809346,122.401459,0.004763,9.810000,25
527999,192,430.140015,100.000000,424.672479,140.484006,0.004841,10.485000,25
535999,193,361.970001,100.000000,442.436663,116.400132,0.005118,8.135000,25
543999,193,407.464996,100.000000,419.671237,132.839487,0.004861,8.570000,25
551999,190,425.670013,100.000000,397.826076,140.358470,0.004577,9.195000,25
559999,187,428.869995,100.000000,420.071889,129.092764,0.004798,8.990000,25
567999,188,411.994995,100.000000,405.615385,132.859784,0.004733,8.955000,25
575999,190,398.975006,100.000000,442.603979,115.638277,0.005059,8.220000,25
583999,196,495.880005,100.000000,439.003784,137.670178,0.005013,9.775000,25
591999,194,456.515015,100.000000,439.659038,127.774433,0.005031,10.020000,25
599999,193,440.190002,100.000000,441.910299,131.486585,0.005027,9.730000,25
607999,192,432.130005,100.000000,448.699516,143.034401,0.005074,10.320000,25
615999,169,363.505005,100.000000,382.111797,104.953481,0.004539,8.285000,25
623999,161,314.649994,100.000000,385.075617,87.399303,0.004588,7.820000,25
631999,187,359.670013,100.000000,396.947952,134.900924,0.004913,8.550000,25
639999,173,287.434998,100.000000,323.597784,107.431901,0.004248,6.640000,25
647999,182,318.410004,100.000000,329.616575,120.411283,0.004197,8.160000,25
655999,176,295.709991,100.000000,330.767756,130.642296,0.004189,7.665000,25
663999,171,305.339996,100.000000,315.331817,129.664004,0.004068,6.785000,25
671999,170,281.144989,100.000000,326.667862,117.511773,0.004289,8.030000,25
679999,184,308.809998,100.000000,410.736549,121.835121,0.004919,8.565000,25
687999,173,292.410004,100.000000,412.095647,137.109480,0.004929,8.190000,25
695999,142,193.169998,100.000000,352.966708,113.488744,0.004249,7.105000,25
703999,175,314.600006,100.000000,418.449153,123.034586,0.004779,9.655000,25
711999,183,310.385010,100.000000,450.056017,129.842481,0.004975,9.070000,25
719999,184,331.244995,100.000000,454.944988,164.193894,0.004990,10.435000,25
727999,168,249.169998,100.000000,401.876644,117.319628,0.004392,8.685000,25
735999,174,270.470001,100.000000,443.418417,119.511352,0.004750,9.550000,25
743999,176,267.565002,100.000000,456.707794,164.803910,0.004918,10.755000,25
751999,184,317.769989,100.000000,481.127812,161.338509,0.005197,10.990000,25
759999,182,340.559998,100.000000,452.263465,128.542168,0.004989,9.775000,25
767999,176,258.359985,100.000000,442.550936,159.400404,0.004848,9.305000,25
775999,170,215.850006,100.000000,459.865093,163.822054,0.005019,9.925000,25
783999,175,270.704987,100.000000,394.195852,95.065342,0.004343,7.610000,25
791999,182,330.045013,100.000000,404.273361,88.461342,0.004615,7.720000,25
799999,176,342.059998,100.000000,406.448372,86.458454,0.004614,7.185000,25
