#iteration,activeAgent,energyMean,costValue,walkGlobal,walkGlobalDeparture,AreaCovered,ReservoirSizeMean,RegrowDelayFoodItem
7999,130,232.214996,100.000000,129.516543,31.045198,0.001980,3.090000,25
15999,166,294.964996,100.000000,149.977544,38.214422,0.002123,3.510000,25
23999,156,297.035004,100.000000,126.445504,26.812518,0.001811,3.285000,25
31999,186,437.765015,100.000000,159.073318,20.698463,0.002022,2.590000,25
39999,189,483.454987,100.000000,281.426409,24.968224,0.003109,3.115000,25
47999,179,446.790009,100.000000,323.084862,57.302123,0.003776,4.415000,25
55999,154,353.964996,100.000000,322.046819,47.053036,0.003539,3.595000,25
63999,145,346.834991,100.000000,245.671291,64.405411,0.002995,3.935000,25
71999,156,349.549988,100.000000,292.746525,88.811834,0.003501,6.910000,25
79999,160,328.475006,100.000000,280.197593,85.138769,0.003444,5.900000,25
87999,158,323.565002,100.000000,260.440211,73.574177,0.003192,4.470000,25
95999,151,353.644989,100.000000,285.666354,76.435747,0.003300,4.775000,25
103999,192,451.029999,100.000000,404.654656,41.327572,0.004098,3.625000,25
111999,190,527.065002,100.000000,423.485046,53.620046,0.004472,3.830000,25
119999,176,424.644989,100.000000,360.480755,52.037593,0.004056,3.795000,25
127999,183,442.260010,100.000000,390.454169,55.339211,0.004366,4.400000,25
135999,148,326.304993,100.000000,311.368189,35.944992,0.003409,2.855000,25
143999,126,258.350006,100.000000,265.202037,21.914276,0.002788,1.670000,25
151999,140,296.545013,100.000000,263.687287,77.070197,0.003359,4.510000,25
159999,152,355.144989,100.000000,264.731644,62.883254,0.003273,4.145000,25
167999,174,508.010010,100.000000,280.134756,37.131360,0.003400,3.205000,25
175999,189,501.980011,100.000000,165.138814,13.012838,0.002258,1.510000,25
183999,195,596.950012,100.000000,243.645288,10.488438,0.002706,1.565000,25
191999,182,593.289978,100.000000,219.240221,10.040239,0.002528,1.245000,25
199999,174,410.730011,100.000000,259.476197,59.712110,0.003372,3.080000,25
207999,190,486.589996,100.000000,252.632437,61.452035,0.003466,3.740000,25
215999,187,433.635010,100.000000,349.001429,102.880776,0.004261,6.595000,25
223999,153,247.125000,100.000000,354.651973,45.777258,0.003979,3.630000,25
231999,180,341.869995,100.000000,305.634725,71.819455,0.003670,5.600000,25
239999,177,430.149994,100.000000,303.037311,42.517007,0.003637,3.605000,25
247999,184,426.785004,100.000000,422.449349,112.427489,0.005013,9.805000,25
255999,193,562.034973,100.000000,425.144955,49.269936,0.004417,4.070000,25
263999,196,519.965027,100.000000,382.621784,36.427643,0.003980,3.070000,25
271999,192,538.929993,100.000000,445.848079,82.108998,0.004808,5.890000,25
279999,196,538.590027,100.000000,360.064909,35.178722,0.003663,3.240000,25
287999,178,535.599976,100.000000,336.230746,41.725734,0.003699,3.615000,25
295999,158,437.885010,100.000000,279.704712,15.760328,0.002663,1.750000,25
303999,161,472.625000,100.000000,322.585136,35.794339,0.003601,2.850000,25
311999,149,343.654999,100.000000,305.976394,49.051735,0.003332,3.610000,25
319999,117,274.510010,100.000000,266.441930,49.046495,0.003102,3.680000,25
327999,152,346.894989,100.000000,281.050742,55.295434,0.003534,3.635000,25
335999,134,309.260010,100.000000,253.520225,57.046927,0.003235,3.780000,25
343999,106,282.519989,100.000000,234.177260,41.687834,0.002645,4.015000,25
351999,159,474.165009,100.000000,340.165652,49.191354,0.003802,3.845000,25
359999,184,551.630005,100.000000,451.694365,75.785992,0.004917,6.205000,25
367999,192,570.159973,100.000000,449.349320,94.230240,0.005117,7.050000,25
375999,195,612.364990,100.000000,440.348924,74.839013,0.005032,6.180000,25
383999,192,564.294983,100.000000,329.992982,28.283341,0.003687,2.730000,25
391999,181,553.094971,100.000000,327.679781,31.684093,0.003678,2.875000,25
399999,199,611.674988,100.000000,430.144172,77.206643,0.004897,6.660000,25
407999,198,571.455017,100.000000,425.419974,89.891692,0.004920,7.400000,25
415999,198,620.034973,100.000000,424.705560,85.301012,0.004761,6.980000,25
423999,198,580.099976,100.000000,397.020634,112.855893,0.004895,8.785000,25
431999,190,528.854980,100.000000,393.285223,84.659289,0.004354,7.335000,25
439999,193,429.230011,100.000000,327.540769,53.694157,0.003541,4.720000,25
447999,175,465.535004,100.000000,347.579469,46.432205,0.003960,4.265000,25
455999,196,599.364990,100.000000,430.215450,70.075635,0.004733,5.995000,25
463999,193,513.974976,100.000000,446.356324,87.669344,0.004656,7.955000,25
471999,187,552.549988,100.000000,424.393201,56.923036,0.004273,4.470000,25
479999,172,419.769989,100.000000,325.652210,55.478166,0.003326,4.150000,25
487999,188,466.635010,100.000000,351.426888,56.215318,0.003660,4.570000,25
495999,188,515.849976,100.000000,322.738519,28.425996,0.003409,2.970000,25
503999,196,539.669983,100.000000,359.718731,37.863511,0.003816,3.295000,25
511999,193,563.255005,100.000000,378.455326,38.420578,0.004345,3.780000,25
519999,189,554.289978,100.000000,365.313872,48.353964,0.004176,4.140000,25
527999,169,423.339996,100.000000,371.516738,83.866594,0.004336,6.115000,25
535999,134,389.760010,100.000000,310.216591,52.479551,0.003528,3.740000,25
543999,106,245.000000,100.000000,204.696248,49.367191,0.002492,3.600000,25
551999,40,101.879997,100.000000,94.613714,23.293011,0.001146,3.865000,25
559999,33,56.619999,100.000000,60.872050,16.391187,0.000826,4.500000,25
567999,22,27.610001,100.000000,58.730943,17.113463,0.000889,8.725000,25
575999,106,123.394997,100.000000,95.420660,16.641842,0.001473,3.750000,25
583999,148,258.345001,100.000000,176.703687,19.560012,0.002449,4.215000,25
591999,152,301.875000,100.000000,246.790292,24.136715,0.002930,3.010000,25
599999,126,237.544998,100.000000,176.596852,18.294172,0.002207,2.665000,25
607999,167,322.850006,100.000000,213.566498,20.376669,0.002490,2.820000,25
615999,140,303.660004,100.000000,207.026342,16.228481,0.002018,1.870000,25
623999,147,346.529999,100.000000,221.752517,17.588392,0.002078,1.980000,25
631999,146,334.339996,100.000000,219.257642,19.196572,0.002118,1.720000,25
639999,132,300.269989,100.000000,217.863186,16.430204,0.002150,1.865000,25
647999,136,314.565002,100.000000,225.843774,12.419887,0.002050,1.765000,25
655999,109,177.710007,100.000000,179.193986,23.542703,0.002089,2.305000,25
663999,164,378.575012,100.000000,184.515024,16.113285,0.002338,2.125000,25
671999,182,446.410004,100.000000,164.139669,14.934546,0.002057,1.880000,25
679999,173,436.665009,100.000000,172.610094,17.566987,0.002191,1.740000,25
687999,172,441.345001,100.000000,145.831250,12.893708,0.001843,1.520000,25
695999,166,407.690002,100.000000,117.029434,12.769301,0.001565,1.325000,25
703999,176,431.040009,100.000000,181.855952,18.594242,0.002306,2.000000,25
711999,169,374.390015,100.000000,163.588293,48.277240,0.002216,2.240000,25
719999,175,425.165009,100.000000,137.921471,22.588748,0.002020,1.940000,25
727999,167,429.515015,100.000000,135.098563,17.834991,0.001928,1.505000,25
735999,166,459.744995,100.000000,135.669076,17.859628,0.001845,1.775000,25
743999,191,533.049988,100.000000,195.773211,24.209793,0.002597,2.600000,25
751999,141,369.595001,100.000000,226.471773,22.488791,0.002529,2.140000,25
759999,139,284.059998,100.000000,179.623740,28.266288,0.002204,2.990000,25
767999,163,386.510010,100.000000,167.237097,22.715296,0.002157,2.320000,25
775999,177,421.190002,100.000000,136.460709,21.213987,0.001807,2.365000,25
783999,189,518.780029,100.000000,189.496295,16.228144,0.002376,2.550000,25
791999,196,516.710022,100.000000,140.890653,14.083634,0.001907,2.345000,25
799999,180,304.880005,100.000000,110.630037,15.683660,0.001663,1.790000,25
