#iteration,activeAgent,energyMean,costValue,walkGlobal,walkGlobalDeparture,AreaCovered,ReservoirSizeMean,RegrowDelayFoodItem
7999,105,206.835007,88.087524,198.479626,17.650994,0.001977,2.025000,25
15999,170,402.144989,93.537778,230.809425,11.230606,0.001923,1.940000,25
23999,173,421.394989,95.716094,292.408566,10.148141,0.001859,1.665000,25
31999,179,450.945007,91.910907,242.733865,10.814442,0.001812,1.805000,25
39999,174,453.605011,95.934482,302.076448,11.050398,0.002138,1.890000,25
47999,183,468.140015,93.800564,342.360903,9.508491,0.002120,1.900000,25
55999,192,504.265015,91.227684,266.115599,8.797498,0.001984,1.685000,25
63999,194,523.309998,93.093034,352.901574,9.954690,0.002589,1.890000,25
71999,193,517.565002,94.615175,359.939061,9.354972,0.002129,1.435000,25
79999,196,605.815002,96.960931,391.177042,9.343682,0.002567,1.690000,25
87999,195,553.159973,94.173979,337.149012,8.691019,0.002169,1.630000,25
95999,197,557.054993,93.102427,369.928518,8.557924,0.002232,1.680000,25
103999,196,566.030029,94.890707,411.486336,10.263875,0.002732,1.780000,25
111999,180,554.215027,95.551265,394.842914,11.861534,0.002617,1.635000,25
119999,179,548.344971,98.076479,405.770840,10.973126,0.002687,1.660000,25
127999,179,542.565002,96.465396,355.985472,11.848430,0.002449,1.720000,25
135999,184,584.354980,96.234392,373.593536,11.120785,0.002766,1.795000,25
143999,172,508.255005,90.222285,211.742470,8.604941,0.001798,1.335000,25
151999,166,479.165009,87.898139,254.534525,9.081575,0.002069,1.365000,25
159999,153,426.890015,84.932317,259.131191,13.477293,0.002431,1.755000,25
167999,151,432.584991,92.577622,338.282812,15.103371,0.002842,1.870000,25
175999,154,470.589996,93.145129,311.992110,13.636993,0.002438,1.455000,25
183999,184,522.969971,93.272678,318.251384,22.330295,0.003046,2.210000,25
191999,183,508.274994,91.774937,279.483071,12.570108,0.002512,1.890000,25
199999,185,510.570007,90.619749,276.951268,12.697096,0.002563,1.915000,25
207999,185,428.369995,81.095271,114.100200,9.443782,0.001305,1.445000,25
215999,182,406.095001,83.212462,161.012354,12.233222,0.001743,1.995000,25
223999,188,509.100006,87.627777,217.051293,8.434669,0.001766,1.600000,25
231999,196,525.914978,78.899062,258.228938,6.732834,0.001816,1.525000,25
239999,182,418.734985,71.878428,206.129610,9.421134,0.001681,1.575000,25
247999,189,481.209991,73.375583,288.148358,9.220605,0.002296,1.790000,25
255999,188,454.640015,66.685396,265.444582,7.431544,0.002115,1.415000,25
263999,194,532.234985,72.969617,154.231499,7.307230,0.001411,1.535000,25
271999,197,623.590027,82.522170,169.972066,6.840025,0.001703,1.470000,25
279999,198,550.655029,70.328440,168.205088,6.109440,0.001517,1.480000,25
287999,197,544.734985,65.106179,212.625878,6.367673,0.001890,1.525000,25
295999,196,449.480011,64.643545,142.965579,8.701571,0.001472,1.435000,25
303999,188,575.255005,85.608914,136.291951,10.615518,0.001584,1.445000,25
311999,197,569.924988,82.114704,139.874116,9.310220,0.001671,1.485000,25
319999,195,509.829987,76.504197,145.784796,8.685744,0.001536,1.485000,25
327999,194,499.089996,72.244955,181.504397,7.758072,0.001699,1.485000,25
335999,198,513.315002,72.404747,208.434242,7.271178,0.001832,1.455000,25
343999,198,504.089996,73.860512,233.473875,7.772694,0.002025,1.530000,25
351999,198,492.790009,72.675413,250.069904,8.674790,0.002181,1.560000,25
359999,199,449.445007,68.441324,246.621707,9.271928,0.002122,1.510000,25
367999,198,522.409973,77.617855,195.573158,7.734525,0.001773,1.495000,25
375999,200,533.210022,79.340924,158.952787,7.398965,0.001484,1.460000,25
383999,198,534.690002,81.154288,213.958861,7.257930,0.001809,1.415000,25
391999,197,578.679993,84.593006,135.001489,7.216091,0.001410,1.430000,25
399999,198,548.614990,82.431135,137.649824,8.413209,0.001417,1.445000,25
407999,198,559.039978,83.427813,151.602851,6.887983,0.001445,1.330000,25
415999,196,520.434998,80.642283,158.465013,6.978511,0.001495,1.355000,25
423999,194,520.534973,82.566327,169.933773,7.787009,0.001575,1.385000,25
431999,193,511.230011,81.931134,170.524203,8.303564,0.001568,1.360000,25
439999,190,539.210022,83.693060,143.226695,6.809427,0.001350,1.320000,25
447999,197,543.794983,78.574047,187.487355,7.014314,0.001679,1.370000,25
455999,197,597.130005,80.843243,151.849720,7.506370,0.001567,1.345000,25
463999,199,526.625000,72.396691,278.702357,8.304521,0.002361,1.545000,25
471999,197,494.320007,70.540592,275.813190,8.257675,0.002186,1.425000,25
479999,197,461.279999,62.498868,285.743877,8.026791,0.002213,1.455000,25
487999,200,456.304993,59.406195,269.538535,9.044105,0.002194,1.485000,25
495999,200,573.315002,74.438930,239.873985,7.195526,0.001893,1.460000,25
503999,199,521.825012,72.406888,262.634315,8.005888,0.002195,1.405000,25
511999,200,540.700012,73.834210,215.596502,7.521597,0.001752,1.270000,25
519999,197,568.150024,72.748637,180.608403,6.916801,0.001585,1.265000,25
527999,199,576.570007,69.885296,204.288027,7.692838,0.001699,1.405000,25
535999,199,455.885010,57.788238,246.752780,7.191369,0.001905,1.390000,25
543999,200,458.130005,57.118199,250.315443,6.561801,0.001825,1.355000,25
551999,200,483.600006,59.730498,256.026030,6.854584,0.001826,1.275000,25
559999,199,453.029999,55.555055,221.937157,6.422156,0.001611,1.310000,25
567999,198,479.929993,59.668836,224.796007,6.767337,0.001689,1.305000,25
575999,199,490.334991,58.918751,244.000281,5.979207,0.001817,1.325000,25
583999,199,552.280029,65.586707,219.303400,6.487422,0.001675,1.365000,25
591999,199,531.775024,61.529959,224.107136,5.622921,0.001641,1.255000,25
599999,199,521.215027,59.258691,209.851556,5.779096,0.001490,1.130000,25
607999,198,524.645020,59.706790,223.377024,5.423240,0.001486,1.220000,25
615999,198,455.095001,49.409292,292.483877,6.143996,0.001879,1.305000,25
623999,195,460.450012,50.642719,260.589176,6.040032,0.001791,1.240000,25
631999,192,487.589996,56.153614,235.378854,6.397676,0.001759,1.290000,25
639999,193,423.179993,48.081321,274.673927,6.677366,0.001974,1.230000,25
647999,195,456.589996,52.236651,260.915175,7.753540,0.001962,1.410000,25
655999,192,462.019989,54.458174,238.649876,7.536824,0.001846,1.350000,25
663999,188,468.424988,52.626855,227.837605,7.612715,0.001869,1.360000,25
671999,183,484.195007,56.790605,217.814667,7.660574,0.001803,1.400000,25
679999,184,480.179993,56.736489,267.113347,8.306836,0.002139,1.515000,25
687999,187,497.494995,61.317790,280.126514,8.501504,0.002204,1.440000,25
695999,194,500.119995,58.697254,286.794672,8.311077,0.002393,1.460000,25
703999,196,477.859985,56.030342,297.130965,7.579461,0.002449,1.565000,25
711999,196,485.429993,58.714229,295.668571,8.859027,0.002427,1.675000,25
719999,196,477.269989,58.411035,302.006928,8.454892,0.002473,1.570000,25
727999,197,505.100006,63.052808,275.534701,9.180235,0.002389,1.615000,25
735999,193,580.934998,72.502069,225.282605,9.060148,0.002107,1.565000,25
743999,196,542.085022,64.761288,251.673090,8.600862,0.002341,1.640000,25
751999,194,484.554993,60.021818,287.560956,9.260554,0.002514,1.705000,25
759999,197,473.304993,55.231419,311.508985,9.253077,0.002540,1.640000,25
767999,199,543.344971,60.875025,302.426697,8.447120,0.002360,1.520000,25
775999,199,552.570007,60.079757,301.352096,7.984629,0.002274,1.565000,25
783999,197,500.709991,55.382859,294.177832,9.401893,0.002407,1.690000,25
791999,196,513.864990,57.828987,270.029940,9.793294,0.002295,1.690000,25
799999,195,555.640015,61.812945,272.607373,8.245595,0.002284,1.650000,25
