#iteration,activeAgent,energyMean,costValue,walkGlobal,walkGlobalDeparture,AreaCovered,ReservoirSizeMean,RegrowDelayFoodItem
7999,154,217.595001,64.342565,372.878245,111.507540,0.004163,7.755000,25
15999,162,295.209991,82.068213,337.952891,55.820903,0.003733,3.620000,25
23999,178,325.779999,80.326210,424.044790,108.477591,0.004607,8.425000,25
31999,187,308.464996,72.858647,411.994252,55.068778,0.004461,4.300000,25
39999,187,338.445007,73.513640,404.816002,42.053199,0.004355,4.240000,25
47999,185,310.315002,68.125063,425.301701,111.947075,0.004773,8.250000,25
55999,157,191.300003,48.352134,368.767948,120.834179,0.004193,8.735000,25
63999,187,338.915009,82.331812,410.449763,94.253784,0.004465,7.860000,25
71999,137,244.485001,84.069699,426.326842,35.545229,0.004202,3.110000,25
79999,161,240.304993,91.916031,288.793969,88.193220,0.003019,6.680000,25
87999,171,295.945007,93.251052,445.795476,170.495160,0.004770,10.625000,25
95999,159,290.529999,94.578359,333.186529,150.175313,0.003539,7.545000,25
103999,161,303.334991,91.980167,356.551655,76.168840,0.003699,6.350000,25
111999,154,293.640015,89.880864,363.710449,71.254420,0.003797,6.330000,25
119999,171,376.584991,91.105297,406.104107,63.910367,0.004302,5.525000,25
127999,180,328.904999,79.759891,448.763374,43.356886,0.004635,4.845000,25
135999,164,285.140015,78.221913,425.398967,38.778420,0.004496,4.460000,25
143999,127,185.005005,59.351638,412.757633,25.109038,0.003908,2.850000,25
151999,171,313.790009,77.834752,414.690402,48.015392,0.004577,5.070000,25
159999,166,330.670013,76.988935,415.093250,28.633325,0.004025,3.115000,25
167999,130,284.299988,86.392487,427.655962,12.357677,0.002775,2.065000,25
175999,164,326.595001,85.109798,410.401287,40.822988,0.004146,4.025000,25
183999,184,453.950012,89.013026,396.790617,43.810382,0.004392,4.015000,25
191999,192,429.045013,91.819086,306.528844,29.992308,0.004014,3.900000,25
199999,181,445.429993,92.206896,298.024084,40.126888,0.004112,4.840000,25
207999,190,518.289978,93.502554,271.285250,30.966844,0.003843,3.645000,25
215999,189,423.644989,93.407461,244.289527,35.839731,0.003755,3.580000,25
223999,194,498.220001,92.359208,311.221225,32.680075,0.003819,3.495000,25
231999,196,511.589996,88.396170,360.941699,31.758081,0.003998,3.320000,25
239999,194,568.669983,85.346821,406.951784,41.842084,0.004401,3.790000,25
247999,179,404.529999,79.382636,372.218161,61.217346,0.004246,4.255000,25
255999,187,538.635010,87.792848,429.374794,86.319070,0.004716,5.380000,25
263999,183,384.250000,82.739767,378.747470,65.353024,0.004058,4.290000,25
271999,189,427.500000,79.979678,415.736725,75.447954,0.004622,5.605000,25
279999,191,417.980011,79.145882,429.321827,85.456447,0.004664,5.955000,25
287999,189,420.970001,78.036915,416.559903,88.885780,0.004784,6.485000,25
295999,180,372.549988,77.439956,378.156926,88.910606,0.004438,5.715000,25
303999,161,298.484985,85.595994,301.859358,73.572697,0.003654,3.215000,25
311999,175,377.304993,83.510802,370.553909,118.584676,0.004530,7.005000,25
319999,154,389.720001,81.480864,347.156408,64.841662,0.004133,4.155000,25
327999,160,377.545013,84.584868,352.510313,99.806674,0.004195,5.350000,25
335999,180,391.489990,82.911184,321.490510,114.056445,0.004487,7.115000,25
343999,197,570.070007,91.143539,403.286951,102.282479,0.005066,8.125000,25
351999,197,516.484985,89.167177,405.482003,100.750839,0.004741,8.270000,25
359999,196,502.704987,86.298986,430.325040,122.051270,0.004958,9.060000,25
367999,194,495.744995,89.492406,418.749423,83.616126,0.004697,6.495000,25
375999,193,477.809998,84.508269,402.703956,82.935297,0.004797,6.700000,25
383999,191,437.265015,90.233837,396.372871,51.980460,0.004358,4.695000,25
391999,193,499.075012,93.225918,340.702135,27.448902,0.003660,2.560000,25
399999,197,508.549988,90.457278,332.899033,16.019096,0.002973,2.070000,25
407999,194,491.704987,89.004891,341.515299,11.847510,0.002856,1.890000,25
415999,196,479.450012,94.134017,304.194424,24.717790,0.003178,2.520000,25
423999,199,492.380005,96.337560,269.546694,12.569651,0.002608,2.025000,25
431999,196,556.080017,95.542560,287.506729,14.928705,0.003081,2.190000,25
439999,196,581.989990,95.697048,327.574524,25.853110,0.003813,2.890000,25
447999,194,523.465027,96.923104,323.136307,30.545974,0.003693,2.700000,25
455999,196,570.474976,97.591326,357.694631,48.547275,0.004088,3.345000,25
463999,193,470.910004,97.386895,310.978255,37.840742,0.003654,2.780000,25
471999,185,480.269989,96.978908,281.171813,21.537809,0.002986,2.235000,25
479999,188,511.154999,96.708534,281.150897,18.852986,0.002859,1.930000,25
487999,197,554.145020,97.192369,365.870759,41.185342,0.004076,3.225000,25
495999,196,555.534973,96.731690,403.102854,58.673809,0.004784,4.390000,25
503999,198,507.334991,93.967006,418.511257,67.367878,0.004624,4.615000,25
511999,195,560.875000,93.845187,433.966359,65.613580,0.004748,4.330000,25
519999,196,524.984985,91.707799,445.762679,65.984846,0.004819,5.185000,25
527999,194,506.690002,88.454307,434.707784,71.496394,0.004658,5.615000,25
535999,193,465.179993,88.681472,454.180409,131.621166,0.004906,9.245000,25
543999,193,402.084991,83.972158,442.555574,121.131153,0.004852,9.065000,25
551999,192,451.054993,88.615633,444.602684,106.981084,0.004868,7.995000,25
559999,190,452.285004,90.430373,377.132498,84.353297,0.004359,5.730000,25
567999,190,420.364990,87.481534,374.704212,70.432323,0.004214,5.105000,25
575999,195,471.204987,90.530320,384.278631,59.294471,0.004224,4.120000,25
583999,193,441.385010,89.116327,384.616095,56.762229,0.004176,4.255000,25
591999,181,316.565002,89.920804,374.016227,76.366420,0.004276,4.730000,25
599999,180,328.500000,92.706458,368.272230,56.416051,0.004095,4.255000,25
607999,160,291.765015,93.388819,399.758416,48.993374,0.004239,3.035000,25
615999,157,335.549988,94.144083,343.415497,61.646801,0.004062,4.405000,25
623999,182,387.144989,94.023178,419.169959,49.307739,0.004388,3.860000,25
631999,174,357.170013,94.906270,435.977235,37.938119,0.004338,3.145000,25
639999,167,285.654999,96.081876,421.255925,37.556955,0.004136,3.085000,25
647999,184,393.739990,96.221610,386.330035,62.828877,0.004114,4.710000,25
655999,189,394.540009,95.717232,354.994216,74.105135,0.003838,5.065000,25
663999,192,432.875000,94.646987,417.290878,97.021410,0.004571,6.635000,25
671999,190,479.864990,95.626242,423.427575,65.641438,0.004540,5.115000,25
679999,195,519.859985,96.319158,432.945414,72.854035,0.004638,4.860000,25
687999,196,545.010010,94.961151,439.213728,61.750622,0.004641,4.750000,25
695999,196,536.179993,95.838236,412.953403,74.584477,0.004441,5.410000,25
703999,197,534.200012,93.928496,432.252323,83.200506,0.004699,5.595000,25
711999,197,555.505005,91.310311,434.583242,103.874930,0.004853,6.905000,25
719999,197,487.125000,91.660594,456.991657,126.424125,0.005161,10.070000,25
727999,196,458.119995,91.954261,486.440125,147.811268,0.005345,9.640000,25
735999,190,392.635010,93.735063,486.777165,129.278506,0.005448,10.750000,25
743999,194,514.765015,94.069659,433.885238,137.128148,0.004826,8.740000,25
751999,193,482.679993,93.045934,438.828246,136.336462,0.004854,9.115000,25
759999,194,507.105011,93.461329,443.081759,125.828790,0.004835,7.890000,25
767999,194,524.825012,92.432212,449.885143,123.448136,0.005026,8.090000,25
775999,192,523.335022,92.910481,446.340583,116.282452,0.004934,7.845000,25
783999,192,432.589996,90.451441,455.525932,139.055065,0.005056,9.520000,25
791999,191,485.010010,93.763653,456.658362,137.374786,0.004982,9.795000,25
799999,192,506.855011,94.917031,447.782108,113.594968,0.004968,8.980000,25
