#iteration,activeAgent,energyMean,costValue,walkGlobal,walkGlobalDeparture,AreaCovered,ReservoirSizeMean,RegrowDelayFoodItem
7999,115,162.714996,67.100175,281.588888,48.926266,0.003075,3.385000,25
15999,91,122.824997,67.576725,243.094834,48.878185,0.002771,3.835000,25
23999,75,65.705002,68.123969,216.825285,99.116855,0.003018,5.010000,25
31999,101,161.675003,67.396415,263.316084,48.535442,0.003135,3.475000,25
39999,100,171.029999,58.150745,216.062732,38.255891,0.002608,2.875000,25
47999,70,92.339996,61.720990,222.764739,41.571590,0.002551,3.115000,25
55999,66,96.639999,61.883097,238.286119,19.261382,0.001755,3.215000,25
63999,86,148.925003,60.314549,236.674542,21.418255,0.002158,3.535000,25
71999,93,183.639999,84.431063,206.156408,52.021451,0.002492,5.960000,25
79999,53,118.540001,84.930601,125.971051,24.619204,0.001559,9.790000,25
87999,47,89.144997,83.818461,120.615521,32.623792,0.001466,8.700000,25
95999,41,74.565002,84.805847,89.148024,16.936142,0.001153,7.505000,25
103999,58,78.925003,56.590345,128.821867,22.001675,0.001722,8.720000,25
111999,75,117.320000,56.952540,131.564629,22.435169,0.001801,4.275000,25
119999,69,90.125000,52.962815,137.350143,19.901581,0.001692,3.230000,25
127999,105,179.384995,53.959819,212.953819,18.547931,0.002047,3.370000,25
135999,116,173.619995,57.545124,213.984879,18.152908,0.002110,3.035000,25
143999,66,69.745003,47.478502,187.713781,19.963840,0.002120,3.575000,25
151999,45,47.310001,49.178665,176.427530,19.782760,0.002033,4.040000,25
159999,6,3.995000,35.974123,141.193123,23.308221,0.001823,3.890000,25
167999,14,15.535000,77.797013,208.780429,13.395110,0.001553,3.340000,25
175999,74,137.164993,73.849305,244.660898,14.545316,0.001978,3.570000,25
183999,123,216.434998,68.425719,346.865920,11.932213,0.002163,3.215000,25
191999,152,253.964996,59.342978,331.838805,20.822249,0.003084,3.385000,25
199999,149,275.554993,69.571332,311.645495,16.983250,0.002713,2.375000,25
207999,150,318.529999,78.273227,333.150231,20.119563,0.002926,2.465000,25
215999,118,297.315002,87.555695,270.492672,13.747131,0.002514,2.050000,25
223999,127,268.760010,70.864140,335.442272,19.306694,0.002760,2.945000,25
231999,171,358.545013,78.162291,394.914043,18.575267,0.003430,2.395000,25
239999,153,310.484985,65.729762,362.832128,18.558390,0.003299,2.620000,25
247999,141,332.154999,77.134053,340.547529,18.789149,0.002894,1.910000,25
255999,169,367.820007,88.631399,335.953120,19.486778,0.003408,2.600000,25
263999,168,376.470001,79.358225,299.609387,22.160827,0.003333,2.985000,25
271999,108,129.490005,76.859356,271.883990,36.975341,0.003187,3.905000,25
279999,92,124.504997,60.137802,156.207007,21.262809,0.002020,2.905000,25
287999,116,139.110001,61.465265,186.914953,17.125660,0.002237,2.725000,25
295999,73,60.740002,36.064774,180.332508,13.530303,0.001779,1.730000,25
303999,95,78.555000,31.807884,210.870150,12.985356,0.002249,1.885000,25
311999,100,156.729996,53.201755,271.904818,23.883652,0.002671,2.765000,25
319999,97,163.964996,47.943427,268.828568,18.486126,0.002435,3.550000,25
327999,101,136.399994,41.086934,246.527251,14.504989,0.002464,2.335000,25
335999,106,197.720001,63.640215,296.241136,18.364539,0.002769,2.860000,25
343999,109,206.110001,79.575199,302.440558,30.019848,0.003217,3.615000,25
351999,99,227.764999,78.599218,243.789030,20.482995,0.002534,2.570000,25
359999,96,223.460007,80.157186,236.780979,19.558200,0.002529,3.245000,25
367999,86,178.710007,79.029595,207.970412,15.544929,0.002218,3.095000,25
375999,86,219.854996,75.537602,219.112258,18.144178,0.002256,3.850000,25
383999,103,206.375000,86.162659,219.971813,18.322831,0.002484,3.175000,25
391999,103,182.250000,88.330985,206.023655,25.417712,0.002585,3.310000,25
399999,113,202.615005,88.153041,218.842155,29.600258,0.002808,4.430000,25
407999,117,209.054993,90.822553,228.132433,33.630852,0.002758,3.215000,25
415999,102,207.535004,92.693689,205.306427,20.379738,0.002463,3.215000,25
423999,129,269.114990,91.792080,260.735389,20.104227,0.002720,2.725000,25
431999,111,222.970001,91.296876,234.611670,21.540475,0.002501,3.410000,25
439999,126,264.920013,92.201472,311.773681,24.680456,0.003165,3.730000,25
447999,141,310.790009,90.661861,318.701324,22.813089,0.003145,3.745000,25
455999,144,302.755005,92.851333,314.512347,19.550689,0.003122,3.190000,25
463999,127,275.964996,91.438046,327.612542,20.898835,0.003065,3.065000,25
471999,111,238.309998,94.050722,345.947299,17.418521,0.002623,2.890000,25
479999,51,105.264999,97.761436,311.821047,10.531029,0.001819,1.855000,25
487999,147,308.795013,92.976428,287.547215,19.522616,0.003110,2.745000,25
495999,150,271.670013,90.035091,238.717652,40.422063,0.003120,3.355000,25
503999,154,299.084991,89.115915,260.747416,51.716254,0.003264,3.920000,25
511999,171,328.239990,91.043263,291.286216,57.878987,0.003523,4.385000,25
519999,151,217.740005,80.009852,320.273978,93.220017,0.003761,6.455000,25
527999,110,148.139999,84.139455,264.124058,80.653993,0.003210,6.350000,25
535999,160,229.535004,63.680274,370.556208,111.244472,0.004259,8.435000,25
543999,164,215.235001,64.086944,384.544465,84.946692,0.004510,7.555000,25
551999,180,306.654999,64.954474,428.436137,76.386580,0.004753,6.730000,25
559999,185,416.524994,69.878664,405.015348,35.629660,0.004339,3.775000,25
567999,180,346.239990,70.461351,411.740123,56.551885,0.004747,5.105000,25
575999,187,404.420013,78.254748,422.603180,53.910834,0.004780,5.535000,25
583999,182,349.864990,74.155062,413.331574,87.223000,0.004659,7.830000,25
591999,188,398.595001,75.926125,445.228173,91.428005,0.004812,7.785000,25
599999,187,503.304993,79.592870,456.782627,73.301153,0.004816,5.550000,25
607999,186,552.244995,84.655174,456.978227,62.251781,0.004731,5.570000,25
615999,196,506.940002,67.759663,436.778002,30.077154,0.004145,2.845000,25
623999,178,361.149994,56.094785,404.811277,35.887623,0.004134,3.100000,25
631999,180,406.899994,62.402920,433.106413,26.994050,0.004099,2.680000,25
639999,165,281.265015,61.344152,432.004356,31.446232,0.004137,2.905000,25
647999,166,209.979996,53.470485,458.563573,63.230829,0.004819,5.690000,25
655999,185,353.480011,68.047395,463.206869,58.496496,0.004699,5.395000,25
663999,190,441.005005,71.723249,442.169330,41.512854,0.004337,4.115000,25
671999,189,515.114990,80.384621,464.546980,43.510588,0.004570,4.500000,25
679999,197,560.780029,83.756364,437.588864,35.876919,0.004241,3.235000,25
687999,194,574.484985,87.030061,446.344591,24.254726,0.004183,3.020000,25
695999,193,591.565002,88.963346,457.035023,24.779047,0.004214,3.045000,25
703999,196,587.724976,86.402098,465.519299,46.167245,0.004653,4.405000,25
711999,197,550.179993,83.048306,477.583309,31.879782,0.004513,3.615000,25
719999,196,573.614990,91.258330,467.724137,40.948195,0.004575,3.995000,25
727999,193,602.905029,89.667020,470.077726,48.857895,0.004608,4.150000,25
735999,192,565.375000,89.014664,463.914255,44.141656,0.004561,4.345000,25
743999,197,600.599976,89.441242,487.205366,42.769032,0.004773,4.535000,25
751999,200,513.419983,93.912203,446.784875,27.183361,0.004112,2.700000,25
759999,197,512.494995,93.646764,433.992263,19.256436,0.003713,2.565000,25
767999,192,505.304993,96.591470,414.726039,23.646675,0.003744,2.905000,25
775999,187,461.799988,97.022750,491.731970,22.122714,0.004127,2.930000,25
783999,143,290.755005,97.460917,490.093352,16.082941,0.003323,2.035000,25
791999,130,253.800003,96.156403,462.000216,19.346580,0.003572,2.310000,25
799999,105,216.315002,93.971891,432.361420,15.847982,0.003087,1.820000,25
