#iteration,activeAgent,energyMean,costValue,walkGlobal,walkGlobalDeparture,AreaCovered,ReservoirSizeMean,RegrowDelayFoodItem
7999,67,97.540001,81.024784,166.431869,22.424631,0.002025,2.120000,25
15999,140,366.005005,80.652032,265.027980,13.789933,0.002178,1.800000,25
23999,139,345.140015,81.761090,212.761880,14.477961,0.002367,1.735000,25
31999,135,328.329987,76.155784,198.816120,16.956797,0.002368,1.560000,25
39999,134,318.149994,63.683360,209.165505,14.660051,0.002309,1.760000,25
47999,136,326.334991,70.108134,247.922131,14.858594,0.002417,1.970000,25
55999,126,259.095001,60.573747,251.014034,16.887581,0.002335,1.770000,25
63999,128,362.325012,75.894148,262.171105,13.750810,0.002151,1.675000,25
71999,151,369.755005,60.118073,236.168905,15.486568,0.002460,1.660000,25
79999,190,526.465027,69.709031,223.081414,12.335546,0.002392,1.685000,25
87999,190,582.804993,79.174495,280.750650,15.328664,0.002724,1.900000,25
95999,198,570.309998,81.219803,128.383337,7.481087,0.001607,1.655000,25
103999,199,595.859985,81.085639,149.060850,7.500562,0.001681,1.560000,25
111999,198,566.919983,71.407449,152.185107,6.219651,0.001520,1.500000,25
119999,193,586.669983,70.620383,254.159795,6.498508,0.001939,1.490000,25
127999,191,480.200012,54.611320,277.023436,10.767197,0.002202,1.580000,25
135999,189,384.230011,44.141070,284.028465,7.372436,0.001937,1.545000,25
143999,186,487.565002,59.705897,262.000327,7.725395,0.001916,1.370000,25
151999,188,419.429993,61.032450,246.717770,7.775068,0.001575,1.360000,25
159999,186,462.244995,68.243518,260.225178,7.881954,0.001662,1.455000,25
167999,190,402.869995,60.908101,111.057351,7.065972,0.001184,1.310000,25
175999,193,413.834991,62.807522,233.709864,7.373541,0.001743,1.335000,25
183999,191,351.700012,46.962987,293.077203,6.703760,0.001823,1.305000,25
191999,195,401.920013,52.234171,201.491380,5.985755,0.001492,1.270000,25
199999,195,393.500000,60.151608,149.684559,6.039416,0.001158,1.165000,25
207999,186,352.464996,62.411264,144.797355,8.137980,0.001434,1.430000,25
215999,189,393.605011,61.368408,116.689349,6.745847,0.001263,1.360000,25
223999,196,492.089996,70.659120,157.125975,8.288584,0.001734,1.550000,25
231999,196,495.660004,76.573709,179.113476,7.413675,0.001777,1.490000,25
239999,197,487.149994,70.876920,218.519312,7.931592,0.002069,1.555000,25
247999,197,560.049988,76.218040,140.365837,8.133273,0.001644,1.545000,25
255999,196,514.570007,83.326302,121.953296,9.586786,0.001485,1.575000,25
263999,190,497.420013,80.052292,129.909485,11.977819,0.001605,1.540000,25
271999,191,475.915009,70.595793,140.079035,10.824578,0.001743,1.720000,25
279999,192,441.725006,70.541923,161.597930,18.344133,0.002219,2.470000,25
287999,165,278.329987,67.917055,166.061949,26.772727,0.002429,3.530000,25
295999,129,150.639999,61.829707,206.299994,41.567114,0.002880,4.060000,25
303999,58,31.745001,47.983496,164.732921,69.453385,0.002343,5.000000,25
311999,63,53.840000,50.605448,148.036158,40.068260,0.002227,3.185000,25
319999,69,42.480000,46.942000,182.919408,71.267269,0.002851,5.075000,25
327999,157,222.710007,63.091376,253.136118,27.537466,0.003237,2.865000,25
335999,175,268.540009,66.573822,184.314902,15.179527,0.002228,2.300000,25
343999,181,351.799988,73.009659,249.870339,15.972711,0.002928,2.340000,25
351999,177,337.329987,68.523857,243.686094,13.792237,0.002593,2.485000,25
359999,172,348.170013,72.124531,273.777657,15.890013,0.002843,2.290000,25
367999,186,310.855011,68.163382,264.561806,16.261427,0.003091,2.595000,25
375999,170,302.940002,74.331859,303.615612,21.250619,0.003164,2.775000,25
383999,181,385.945007,79.115765,379.222685,19.518537,0.003688,2.970000,25
391999,166,298.420013,73.403903,315.789740,20.461158,0.003114,2.645000,25
399999,172,249.274994,57.481306,308.468956,14.888532,0.002906,2.290000,25
407999,183,396.214996,70.616829,377.981402,12.931664,0.002970,2.240000,25
415999,170,342.484985,77.346329,310.329833,17.425167,0.002836,2.310000,25
423999,95,86.074997,59.726801,327.221430,21.997897,0.003207,2.385000,25
431999,143,167.195007,59.629862,341.562618,20.489526,0.003171,2.705000,25
439999,177,281.820007,74.235397,284.051272,12.666829,0.002745,2.210000,25
447999,157,229.725006,63.307585,257.969638,12.745417,0.002446,1.890000,25
455999,146,316.204987,82.963572,265.800319,12.943659,0.002320,2.210000,25
463999,139,325.945007,87.859109,361.407080,10.863320,0.002292,2.230000,25
471999,121,210.619995,77.905875,285.627233,13.191838,0.002452,2.565000,25
479999,105,176.000000,76.012479,221.769367,9.625985,0.001857,2.465000,25
487999,133,227.610001,72.278632,345.489790,12.534166,0.002588,2.650000,25
495999,151,276.524994,76.234364,350.391560,22.329416,0.003322,3.350000,25
503999,154,251.809998,84.750139,390.111950,98.054435,0.004332,8.660000,25
511999,161,345.644989,92.849044,362.374446,142.278756,0.003909,9.030000,25
519999,157,332.739990,90.157399,361.626071,122.769693,0.003975,7.840000,25
527999,151,344.024994,91.660179,367.618537,93.665096,0.004018,6.920000,25
535999,179,402.174988,91.302571,418.453279,122.579663,0.004449,8.395000,25
543999,185,447.570007,94.586804,455.788279,87.054072,0.004777,8.280000,25
551999,189,449.529999,96.630405,456.438893,84.325453,0.004735,7.785000,25
559999,190,456.015015,95.497279,423.466645,133.998819,0.004414,10.835000,25
567999,188,432.049988,96.892236,469.707327,99.695011,0.004859,9.345000,25
575999,184,437.864990,93.889680,406.301710,119.747761,0.004186,9.345000,25
583999,188,445.144989,94.907990,429.358593,168.905982,0.004464,10.705000,25
591999,187,434.834991,95.473006,409.285415,138.432126,0.004226,9.890000,25
599999,185,435.089996,94.481265,418.015591,157.011638,0.004317,10.395000,25
607999,185,387.190002,95.769032,417.214302,196.466525,0.004312,10.420000,25
615999,174,353.035004,90.037513,392.766102,180.103344,0.004061,9.165000,25
623999,164,312.510010,90.337845,411.645944,132.570707,0.004272,9.100000,25
631999,167,318.089996,93.302437,396.189849,156.306093,0.004140,9.165000,25
639999,168,304.079987,90.110597,446.370883,147.373022,0.004667,8.780000,25
647999,176,369.915009,93.197550,424.065522,145.276216,0.004385,8.050000,25
655999,179,377.399994,93.182907,434.585890,98.836087,0.004431,8.150000,25
663999,180,379.894989,91.130694,376.906373,160.975199,0.003913,8.750000,25
671999,191,458.114990,91.661428,404.968263,140.894104,0.004307,9.650000,25
679999,181,367.725006,92.294409,399.130328,117.682619,0.004143,9.625000,25
687999,183,422.345001,96.668349,421.842970,139.620308,0.004339,9.465000,25
695999,88,133.600006,95.435663,261.615398,81.328975,0.002718,5.460000,25
703999,142,330.670013,96.759104,306.927562,154.969989,0.003246,7.635000,25
711999,187,502.315002,95.650213,432.839566,179.915789,0.004605,10.970000,25
719999,188,446.399994,94.516564,398.595189,156.134223,0.004250,10.085000,25
727999,192,421.920013,83.623548,471.797809,152.531800,0.004965,11.915000,25
735999,179,384.579987,87.434604,423.507079,153.353515,0.004448,9.875000,25
743999,181,371.484985,84.011395,441.603342,141.911931,0.004861,10.170000,25
751999,179,318.239990,79.251008,430.283974,149.102332,0.004652,11.760000,25
759999,189,391.565002,79.901834,471.088306,159.653288,0.005009,12.985000,25
767999,183,370.565002,79.355274,455.938164,171.585881,0.004798,10.970000,25
775999,186,353.630005,77.549182,442.709082,159.038582,0.004779,9.585000,25
783999,170,304.679993,75.246817,419.026691,161.535359,0.004737,10.615000,25
791999,179,361.434998,84.040207,414.851984,150.159398,0.004586,7.345000,25
799999,166,296.929993,86.104866,400.583466,132.373390,0.004835,9.585000,25
