#iteration,activeAgent,energyMean,costValue,walkGlobal,walkGlobalDeparture,AreaCovered,ReservoirSizeMean,RegrowDelayFoodItem
7999,177,301.734985,100.000000,312.430157,117.542887,0.003960,7.610000,25
15999,159,316.174988,100.000000,276.476140,101.708429,0.003461,4.955000,25
23999,178,414.299988,100.000000,356.706599,118.156838,0.004248,6.960000,35
31999,193,438.070007,100.000000,389.376349,107.792585,0.004564,6.870000,45
39999,184,471.554993,100.000000,417.399189,145.162484,0.004663,7.965000,55
47999,195,459.984985,100.000000,481.037019,134.681458,0.005306,9.730000,65
55999,190,409.815002,100.000000,480.181396,142.917446,0.005291,10.430000,75
63999,191,323.644989,100.000000,515.492803,113.067794,0.005562,9.335000,85
71999,195,347.475006,100.000000,499.310037,106.300836,0.005482,8.710000,95
79999,192,414.795013,100.000000,494.167498,163.732750,0.005446,9.745000,105
87999,191,357.540009,100.000000,391.973716,155.210944,0.005229,8.505000,115
95999,184,287.920013,100.000000,353.534751,164.164958,0.004755,7.940000,125
103999,190,305.519989,100.000000,400.643761,111.436305,0.005004,7.160000,135
111999,186,369.970001,100.000000,436.076260,155.823710,0.005186,9.540000,145
119999,178,248.904999,100.000000,437.619330,85.962657,0.005286,7.445000,155
127999,179,247.895004,100.000000,312.880230,94.640228,0.004599,6.555000,165
135999,180,241.399994,100.000000,335.185142,92.646317,0.004825,6.135000,175
143999,182,309.570007,100.000000,368.831038,139.750844,0.004788,6.445000,185
151999,128,215.514999,100.000000,260.149579,132.550377,0.003563,6.365000,195
159999,85,72.425003,100.000000,125.366965,50.057570,0.002305,4.185000,205
167999,113,113.565002,100.000000,204.836795,118.939714,0.003636,5.065000,215
175999,134,108.669998,100.000000,224.788752,106.684372,0.004186,4.710000,225
183999,138,150.399994,100.000000,199.309882,103.757967,0.003814,4.735000,235
191999,160,183.720001,100.000000,300.376086,113.473105,0.004659,5.560000,245
199999,154,199.875000,100.000000,362.383815,147.896017,0.004877,8.395000,255
207999,146,156.729996,100.000000,370.710878,136.721092,0.005170,7.985000,265
215999,152,142.259995,100.000000,410.014053,126.710081,0.005386,9.380000,275
223999,170,187.160004,100.000000,432.451530,175.074462,0.005242,9.540000,285
231999,166,203.050003,100.000000,458.262539,160.461411,0.005058,9.275000,295
239999,143,147.309998,100.000000,419.637614,137.924001,0.004860,9.860000,305
247999,146,168.085007,100.000000,390.247474,136.963104,0.004677,9.060000,315
255999,143,161.675003,100.000000,372.028772,98.481041,0.004668,7.955000,325
263999,146,151.809998,100.000000,367.691723,104.230727,0.004872,8.490000,335
271999,151,177.634995,100.000000,303.942435,142.082870,0.004784,7.665000,345
279999,85,55.895000,100.000000,343.339470,48.506476,0.003997,5.225000,355
287999,16,5.580000,100.000000,205.794640,28.857041,0.002776,3.640000,365
295999,103,108.919998,100.000000,261.950193,73.593007,0.003714,5.635000,375
303999,92,63.955002,100.000000,90.406689,49.868082,0.001694,3.635000,385
311999,145,144.800003,100.000000,333.972029,137.952411,0.004379,7.225000,395
319999,90,61.060001,100.000000,264.303179,72.623507,0.003476,4.600000,400
327999,153,183.220001,100.000000,370.591945,116.481411,0.004533,9.245000,400
335999,133,134.235001,100.000000,383.387203,143.193125,0.004518,9.425000,400
343999,157,172.764999,100.000000,394.655980,124.938410,0.004976,9.335000,400
351999,141,159.684998,100.000000,449.954787,150.729408,0.004991,10.010000,400
359999,158,201.250000,100.000000,458.065719,159.765800,0.004981,10.330000,400
367999,142,176.330002,100.000000,379.962762,118.937446,0.004272,8.110000,400
375999,164,195.235001,100.000000,434.603664,120.089463,0.004818,8.680000,400
383999,153,189.350006,100.000000,399.953619,152.779385,0.004326,9.560000,400
391999,146,194.869995,100.000000,347.645480,152.487256,0.004005,7.675000,400
399999,141,172.539993,100.000000,305.920513,145.951004,0.003822,7.120000,400
407999,120,158.494995,100.000000,280.839232,96.795132,0.003350,5.735000,400
415999,98,125.654999,100.000000,225.409521,108.764490,0.003072,6.570000,400
423999,114,147.940002,100.000000,199.460910,87.656989,0.003136,5.375000,400
431999,119,144.514999,100.000000,231.465772,97.869501,0.003648,6.655000,400
439999,151,166.669998,100.000000,349.555610,151.029327,0.004483,8.995000,400
447999,111,129.065002,100.000000,227.558550,101.405643,0.003340,5.895000,400
455999,143,129.714996,100.000000,225.050032,92.771316,0.003848,6.195000,400
463999,145,177.360001,100.000000,271.882812,105.820371,0.004043,8.115000,400
471999,131,130.065002,100.000000,287.270782,118.995806,0.004019,10.235000,400
479999,117,122.084999,100.000000,228.190841,73.282445,0.003036,6.340000,400
487999,105,97.180000,100.000000,171.275050,75.212038,0.002700,7.590000,400
495999,113,142.195007,100.000000,228.955680,86.830894,0.003344,6.925000,400
503999,96,92.010002,100.000000,233.193245,68.219895,0.003216,6.795000,400
511999,135,132.869995,100.000000,328.020746,110.885123,0.004109,6.725000,400
519999,128,129.580002,100.000000,268.292618,102.196609,0.003448,6.570000,400
527999,135,175.044998,100.000000,303.973275,133.863596,0.003631,8.375000,400
535999,144,185.669998,100.000000,301.982602,127.578500,0.004013,7.940000,400
543999,151,172.755005,100.000000,377.240544,139.456139,0.004158,8.885000,400
551999,137,148.774994,100.000000,367.669845,151.737559,0.004341,10.360000,400
559999,145,176.300003,100.000000,347.523803,143.784679,0.003991,8.880000,400
567999,125,133.570007,100.000000,388.537066,93.221302,0.004301,7.245000,400
575999,144,158.725006,100.000000,374.715605,140.401168,0.004383,9.220000,400
583999,166,181.315002,100.000000,420.895253,175.689122,0.005016,11.895000,400
591999,117,77.584999,100.000000,326.706710,76.769410,0.004228,6.450000,400
599999,103,74.580002,100.000000,227.761334,62.869187,0.003636,4.810000,400
607999,134,88.169998,100.000000,312.896005,61.520916,0.004224,4.330000,400
615999,71,19.355000,100.000000,335.280727,31.749299,0.003177,2.175000,400
623999,59,19.665001,100.000000,270.875180,31.571469,0.002483,1.585000,400
631999,45,13.725000,100.000000,363.175383,35.864624,0.003324,2.495000,400
639999,33,17.165001,100.000000,346.653972,41.284345,0.003516,2.995000,400
647999,159,136.794998,100.000000,497.803295,148.079202,0.005395,11.380000,400
655999,146,133.229996,100.000000,351.363155,119.226550,0.005205,8.365000,400
663999,150,130.500000,100.000000,357.823583,126.240881,0.005202,9.055000,400
671999,159,165.830002,100.000000,449.148791,121.961724,0.005178,9.060000,400
679999,163,150.585007,100.000000,470.341472,151.195295,0.005303,10.690000,400
687999,161,157.854996,100.000000,466.573059,142.541117,0.005116,11.575000,400
695999,143,135.059998,100.000000,459.493121,124.575241,0.004892,8.125000,400
703999,145,159.014999,100.000000,491.694011,128.478173,0.005117,9.760000,400
711999,151,109.754997,100.000000,485.270643,163.528176,0.005141,12.705000,400
719999,156,140.910004,100.000000,487.933012,142.071922,0.005156,11.455000,400
727999,121,113.105003,100.000000,430.539626,96.348228,0.004714,8.025000,400
735999,145,113.224998,100.000000,429.287988,58.818051,0.004903,4.940000,400
743999,158,146.455002,100.000000,412.941461,154.999545,0.004877,9.690000,400
751999,144,123.974998,100.000000,398.436686,134.950271,0.004659,10.195000,400
759999,136,132.539993,100.000000,419.704358,134.390754,0.004712,9.795000,400
767999,137,132.854996,100.000000,440.035383,157.989849,0.004797,10.650000,400
775999,125,112.625000,100.000000,435.551914,61.684285,0.004568,5.455000,400
783999,159,156.214996,100.000000,481.955233,166.359504,0.005136,10.790000,400
791999,135,123.570000,100.000000,417.454892,56.112488,0.004309,4.725000,400
799999,169,150.345001,100.000000,487.623798,42.937092,0.004438,3.020000,400
