#iteration,activeAgent,energyMean,costValue,walkGlobal,walkGlobalDeparture,AreaCovered,ReservoirSizeMean,RegrowDelayFoodItem
7999,129,242.860001,100.000000,152.406605,41.743515,0.002461,2.810000,25
15999,141,323.459991,100.000000,153.303582,32.798536,0.002519,2.575000,25
23999,110,282.005005,100.000000,161.488340,29.141988,0.002307,2.215000,35
31999,42,94.430000,100.000000,105.377295,24.254117,0.001354,2.940000,45
39999,48,71.055000,100.000000,154.534629,32.223451,0.001877,4.675000,55
47999,103,167.884995,100.000000,264.053783,58.793966,0.003264,4.625000,65
55999,148,242.645004,100.000000,346.808200,101.490173,0.004126,6.765000,75
63999,162,252.815002,100.000000,378.208476,121.251724,0.004314,7.960000,85
71999,175,329.429993,100.000000,408.087895,115.223026,0.004552,7.845000,95
79999,186,327.730011,100.000000,421.597057,118.158412,0.004973,8.910000,105
87999,187,346.609985,100.000000,454.760996,130.814140,0.005061,10.025000,115
95999,174,300.750000,100.000000,450.645127,111.673687,0.005072,8.365000,125
103999,178,300.744995,100.000000,451.452022,106.317949,0.005076,8.435000,135
111999,172,285.950012,100.000000,439.659376,119.471058,0.004941,8.475000,145
119999,158,269.579987,100.000000,397.607440,96.171360,0.004727,6.855000,155
127999,113,221.845001,100.000000,281.980479,80.851582,0.003512,5.855000,165
135999,120,176.169998,100.000000,341.963923,60.412569,0.004327,4.510000,175
143999,149,223.729996,100.000000,335.396080,99.886009,0.004310,6.735000,185
151999,143,197.494995,100.000000,275.503260,108.600534,0.003736,5.910000,195
159999,152,186.035004,100.000000,346.986938,136.746894,0.004173,8.190000,205
167999,139,161.000000,100.000000,358.643238,129.037514,0.004215,7.505000,215
175999,138,150.589996,100.000000,325.433953,117.900267,0.004140,7.390000,225
183999,143,142.195007,100.000000,322.793613,104.367269,0.003912,7.305000,235
191999,147,209.570007,100.000000,367.768101,130.485841,0.004101,8.070000,245
199999,163,227.350006,100.000000,417.631246,148.959430,0.004604,8.690000,255
207999,138,190.669998,100.000000,343.412387,80.097161,0.003742,6.345000,265
215999,148,185.854996,100.000000,377.094515,152.268855,0.004233,8.870000,275
223999,162,220.744995,100.000000,438.704028,145.316496,0.004831,9.745000,285
231999,153,149.229996,100.000000,362.202211,61.989884,0.004009,5.060000,295
239999,164,216.149994,100.000000,387.503025,118.100490,0.004392,8.960000,305
247999,144,153.044998,100.000000,359.249346,103.139249,0.004088,7.035000,315
255999,155,116.849998,100.000000,406.569585,82.231484,0.004646,5.895000,325
263999,154,123.220001,100.000000,414.755997,82.090274,0.004671,6.205000,335
271999,142,151.184998,100.000000,398.249688,123.803854,0.004517,8.265000,345
279999,148,160.750000,100.000000,365.462502,130.276780,0.004109,7.510000,355
287999,138,169.005005,100.000000,379.083790,132.955489,0.004086,7.450000,365
295999,108,118.059998,100.000000,340.282935,88.582209,0.003535,5.930000,375
303999,104,114.035004,100.000000,331.068543,91.804560,0.003465,6.055000,385
311999,59,55.794998,100.000000,248.476774,63.589081,0.002588,6.325000,395
319999,140,144.210007,100.000000,387.440932,79.604124,0.004066,5.245000,400
327999,113,101.870003,100.000000,318.477379,64.114708,0.003713,4.605000,400
335999,159,176.184998,100.000000,431.074405,150.349573,0.004602,9.555000,400
343999,157,146.960007,100.000000,430.654132,114.143318,0.004648,8.295000,400
351999,143,131.675003,100.000000,391.066805,89.225736,0.004278,6.530000,400
359999,148,135.740005,100.000000,446.567692,56.850110,0.004423,4.530000,400
367999,153,110.264999,100.000000,433.157429,36.950329,0.004433,3.350000,400
375999,145,142.229996,100.000000,416.041106,71.269398,0.004660,5.620000,400
383999,140,113.199997,100.000000,367.360995,49.726305,0.004570,4.255000,400
391999,153,142.085007,100.000000,400.732959,112.744119,0.004963,8.240000,400
399999,147,124.639999,100.000000,372.669396,46.475452,0.004297,3.330000,400
407999,158,113.614998,100.000000,419.263179,35.081504,0.004533,3.115000,400
415999,154,164.184998,100.000000,354.360317,57.072879,0.004760,4.735000,400
423999,136,135.679993,100.000000,376.254199,61.705359,0.004669,5.035000,400
431999,156,136.279999,100.000000,418.548480,50.680984,0.004962,4.195000,400
439999,143,139.214996,100.000000,366.838282,52.157334,0.004761,4.240000,400
447999,161,171.705002,100.000000,430.296413,84.963469,0.005079,6.445000,400
455999,144,154.184998,100.000000,425.400076,78.706962,0.004852,6.505000,400
463999,153,164.000000,100.000000,418.240741,150.495895,0.004833,9.315000,400
471999,113,94.065002,100.000000,376.903416,143.640798,0.004552,8.500000,400
479999,133,127.559998,100.000000,374.710287,102.160766,0.004505,7.425000,400
487999,158,155.679993,100.000000,401.187660,107.944812,0.004935,8.295000,400
495999,148,167.565002,100.000000,355.464974,95.434081,0.004613,6.840000,400
503999,170,181.119995,100.000000,422.041789,168.570463,0.005033,10.615000,400
511999,158,154.839996,100.000000,398.738630,156.312750,0.005154,9.370000,400
519999,143,122.430000,100.000000,398.081086,120.399808,0.005015,8.510000,400
527999,163,175.059998,100.000000,423.779459,108.404741,0.005028,7.005000,400
535999,138,132.884995,100.000000,391.097913,125.338482,0.004807,8.225000,400
543999,159,177.955002,100.000000,420.921159,138.278212,0.005124,9.170000,400
551999,153,169.914993,100.000000,425.248694,123.868697,0.004941,8.355000,400
559999,162,151.804993,100.000000,359.732739,65.325764,0.004444,4.985000,400
567999,164,178.445007,100.000000,429.579847,86.518517,0.004997,6.095000,400
575999,149,137.244995,100.000000,389.279676,59.623265,0.004167,3.930000,400
583999,146,139.320007,100.000000,431.069570,90.552198,0.004753,6.285000,400
591999,160,182.490005,100.000000,448.974600,107.168362,0.005018,7.240000,400
599999,150,164.570007,100.000000,425.605721,132.141900,0.005053,9.465000,400
607999,159,183.255005,100.000000,386.428320,119.320493,0.004995,8.010000,400
615999,134,144.044998,100.000000,356.042370,137.847095,0.004632,8.585000,400
623999,58,47.290001,100.000000,255.457955,56.359323,0.003479,3.710000,400
631999,110,127.565002,100.000000,269.416879,86.317604,0.003892,5.670000,400
639999,119,116.595001,100.000000,252.044716,78.735680,0.004022,4.815000,400
647999,146,120.730003,100.000000,153.614632,40.729614,0.002651,2.555000,400
655999,156,132.279999,100.000000,150.200805,47.131118,0.002765,2.865000,400
663999,146,84.730003,100.000000,135.802492,33.715007,0.002481,2.375000,400
671999,153,107.764999,100.000000,181.125010,42.194296,0.003035,3.110000,400
679999,165,172.914993,100.000000,290.494171,76.686518,0.004263,5.555000,400
687999,156,160.684998,100.000000,338.185560,119.843321,0.004290,7.535000,400
695999,163,159.615005,100.000000,293.836479,93.593533,0.004305,6.465000,400
703999,143,131.714996,100.000000,244.271846,92.794657,0.004012,6.080000,400
711999,109,62.544998,100.000000,87.316731,25.318924,0.001519,1.855000,400
719999,125,82.125000,100.000000,104.188674,52.647762,0.002243,3.280000,400
727999,135,125.404999,100.000000,195.344762,75.045421,0.003535,4.735000,400
735999,134,108.669998,100.000000,202.073329,52.114856,0.003599,4.200000,400
743999,136,128.179993,100.000000,216.501419,49.649614,0.003552,3.425000,400
751999,161,163.274994,100.000000,217.036346,64.881879,0.003851,4.190000,400
759999,155,145.774994,100.000000,145.702293,56.133406,0.002750,3.315000,400
767999,137,91.684998,100.000000,115.463085,39.306947,0.001863,2.370000,400
775999,133,115.165001,100.000000,187.942398,44.167730,0.002918,2.970000,400
783999,143,101.714996,100.000000,176.130321,43.712303,0.002878,2.950000,400
791999,159,120.794998,100.000000,181.553554,43.230007,0.003070,3.220000,400
799999,9,0.045000,100.000000,107.583450,15.892862,0.001529,1.900000,400
