#iteration,activeAgent,energyMean,costValue,walkGlobal,walkGlobalDeparture,AreaCovered,ReservoirSizeMean,RegrowDelayFoodItem
7999,168,362.725006,100.000000,241.132793,31.093986,0.003177,2.330000,25
15999,182,484.515015,100.000000,233.713454,14.894972,0.002506,1.985000,25
23999,185,510.265015,100.000000,346.791676,20.842582,0.003428,2.760000,35
31999,183,406.295013,100.000000,313.977476,32.361044,0.003742,3.270000,45
39999,168,254.970001,100.000000,220.632814,34.942130,0.003314,3.475000,55
47999,193,379.545013,100.000000,261.834004,26.878670,0.003546,3.015000,65
55999,189,402.045013,100.000000,365.472816,26.279489,0.004163,3.635000,75
63999,191,437.274994,100.000000,423.019748,31.076813,0.004388,3.355000,85
71999,184,369.524994,100.000000,407.067707,38.657898,0.004438,3.635000,95
79999,168,309.385010,100.000000,371.178490,42.184885,0.004282,3.500000,105
87999,180,319.595001,100.000000,380.318907,47.183412,0.004690,4.335000,115
95999,155,258.700012,100.000000,295.730479,101.946659,0.004181,6.720000,125
103999,131,258.390015,100.000000,228.662962,64.116218,0.003344,4.745000,135
111999,128,244.824997,100.000000,287.213437,75.488668,0.003711,6.425000,145
119999,173,287.829987,100.000000,382.396236,132.561060,0.005048,9.150000,155
127999,107,117.669998,100.000000,210.836902,90.749744,0.003129,5.020000,165
135999,97,106.224998,100.000000,238.621870,33.642217,0.002992,3.575000,175
143999,95,94.930000,100.000000,245.152410,78.369540,0.003237,5.950000,185
151999,101,83.010002,100.000000,237.652054,91.471504,0.003346,5.675000,195
159999,86,60.895000,100.000000,218.763876,92.678921,0.003279,5.070000,205
167999,121,117.485001,100.000000,320.590824,138.193048,0.004124,7.920000,215
175999,134,111.485001,100.000000,402.239648,129.000321,0.004730,8.515000,225
183999,126,122.220001,100.000000,337.059459,114.232075,0.004103,7.595000,235
191999,138,124.639999,100.000000,304.242651,100.874300,0.003679,7.450000,245
199999,160,210.619995,100.000000,374.353900,71.123066,0.004509,6.510000,255
207999,136,152.080002,100.000000,326.018304,84.202424,0.003959,6.800000,265
215999,144,158.199997,100.000000,303.120757,91.654238,0.003903,8.230000,275
223999,105,86.495003,100.000000,161.677806,36.001075,0.002420,3.480000,285
231999,77,90.379997,100.000000,118.290780,42.276549,0.001788,4.510000,295
239999,66,87.514999,100.000000,94.082365,36.659714,0.001610,3.440000,305
247999,37,68.154999,100.000000,72.892340,26.621524,0.001040,4.185000,315
255999,61,87.434998,100.000000,103.106155,43.608081,0.001469,3.815000,325
263999,57,50.625000,100.000000,72.435547,29.589276,0.001255,3.270000,335
271999,68,68.824997,100.000000,119.084889,50.662191,0.001793,5.920000,345
279999,93,73.129997,100.000000,169.890984,89.660106,0.002458,4.280000,355
287999,73,96.459999,100.000000,151.369464,60.570411,0.001845,4.260000,365
295999,81,48.404999,100.000000,326.902666,56.524848,0.003822,5.120000,375
303999,7,1.535000,100.000000,148.591249,12.669459,0.001759,3.425000,385
311999,132,120.809998,100.000000,237.879466,86.916337,0.003490,5.635000,395
319999,125,101.504997,100.000000,206.426722,83.915418,0.003075,5.560000,400
327999,120,76.099998,100.000000,135.535378,56.908333,0.002623,3.515000,400
335999,136,122.964996,100.000000,206.218962,90.019012,0.003334,5.540000,400
343999,112,124.940002,100.000000,211.334375,84.504215,0.002792,4.535000,400
351999,55,18.275000,100.000000,128.878914,24.705287,0.001799,1.820000,400
359999,115,132.074997,100.000000,245.898580,92.735855,0.003022,4.960000,400
367999,126,129.630005,100.000000,259.978167,83.785497,0.003448,5.170000,400
375999,158,171.945007,100.000000,311.633660,68.949233,0.004128,4.705000,400
383999,146,132.729996,100.000000,263.953621,105.252230,0.003924,6.320000,400
391999,136,136.654999,100.000000,271.881653,106.333294,0.003803,7.335000,400
399999,133,121.665001,100.000000,258.639090,79.892267,0.003542,4.535000,400
407999,78,49.139999,100.000000,191.506376,72.342766,0.003058,4.750000,400
415999,73,24.865000,100.000000,149.214001,22.487552,0.001833,1.635000,400
423999,96,83.480003,100.000000,147.471848,69.342803,0.002802,3.560000,400
431999,89,71.940002,100.000000,284.296646,116.073686,0.004004,4.315000,400
439999,82,45.910000,100.000000,286.686439,43.258645,0.003321,2.870000,400
447999,141,124.875000,100.000000,400.940416,89.045208,0.004319,5.300000,400
455999,147,127.199997,100.000000,394.237561,91.774076,0.004679,6.530000,400
463999,17,5.085000,100.000000,212.737583,45.863499,0.002806,4.825000,400
471999,113,124.480003,100.000000,364.791630,157.898532,0.004592,9.445000,400
479999,10,8.935000,100.000000,220.733598,25.685017,0.002389,3.000000,400
487999,41,19.705000,100.000000,89.067541,17.302504,0.001303,2.525000,400
495999,96,44.365002,100.000000,102.326410,22.936814,0.001508,1.880000,400
503999,116,73.580002,100.000000,179.386461,22.000135,0.002136,2.030000,400
511999,106,94.139999,100.000000,87.029107,25.603451,0.001309,1.840000,400
519999,90,68.449997,100.000000,99.310912,22.888236,0.001352,1.630000,400
527999,76,59.880001,100.000000,111.190916,18.807130,0.001462,1.715000,400
535999,74,34.939999,100.000000,203.525174,29.537395,0.002080,2.085000,400
543999,58,48.290001,100.000000,96.998051,25.941103,0.001323,2.110000,400
551999,82,48.910000,100.000000,74.298820,36.008721,0.001154,2.810000,400
559999,118,72.589996,100.000000,149.013836,58.531067,0.002144,2.705000,400
567999,130,84.355003,100.000000,98.116879,36.952864,0.001545,2.690000,400
575999,91,70.955002,100.000000,191.974695,26.032320,0.002037,1.735000,400
583999,84,58.419998,100.000000,193.980931,24.093584,0.002181,1.830000,400
591999,84,83.419998,100.000000,127.066501,27.033622,0.001741,2.215000,400
599999,117,80.084999,100.000000,111.731606,25.851141,0.001622,1.535000,400
607999,62,37.310001,100.000000,63.224485,19.328177,0.000993,2.025000,400
615999,91,48.455002,100.000000,110.045125,27.992832,0.001772,2.155000,400
623999,83,59.915001,100.000000,118.885159,32.951587,0.001801,1.835000,400
631999,88,57.080002,100.000000,80.037578,28.499319,0.001335,2.325000,400
639999,83,89.084999,100.000000,116.846316,34.117952,0.001914,2.760000,400
647999,62,54.310001,100.000000,122.359570,32.580478,0.001721,3.035000,400
655999,82,70.300003,100.000000,202.854323,89.203188,0.002986,5.455000,400
663999,107,68.535004,100.000000,327.651123,80.632508,0.004130,6.415000,400
671999,105,82.500000,100.000000,267.282311,125.731722,0.003833,7.760000,400
679999,116,96.330002,100.000000,372.206057,85.178151,0.004686,7.070000,400
687999,147,146.335007,100.000000,391.747688,150.226181,0.004740,10.910000,400
695999,140,128.365005,100.000000,364.090236,147.661388,0.004449,10.420000,400
703999,128,103.639999,100.000000,388.764608,124.889058,0.004912,10.260000,400
711999,112,84.559998,100.000000,258.001236,103.535797,0.003776,7.140000,400
719999,112,76.925003,100.000000,291.566943,83.167899,0.003520,6.290000,400
727999,119,88.940002,100.000000,409.414759,89.679415,0.004498,8.730000,400
735999,140,122.845001,100.000000,355.918205,167.939218,0.004066,9.720000,400
743999,89,95.945000,100.000000,278.434498,79.795459,0.003282,7.765000,400
751999,125,100.620003,100.000000,432.185855,112.794887,0.004657,8.075000,400
759999,127,111.635002,100.000000,372.656712,132.916776,0.004042,8.860000,400
767999,135,152.949997,100.000000,398.118578,153.790754,0.004624,9.630000,400
775999,119,99.095001,100.000000,301.671319,107.176378,0.003659,7.125000,400
783999,113,124.589996,100.000000,366.378639,104.085131,0.004229,7.440000,400
791999,112,119.389999,100.000000,368.614930,112.028840,0.004086,8.545000,400
799999,82,90.970001,100.000000,299.047932,131.225764,0.003398,7.540000,400
