#iteration,activeAgent,energyMean,costValue,walkGlobal,walkGlobalDeparture,AreaCovered,ReservoirSizeMean,RegrowDelayFoodItem
7999,166,392.250000,100.000000,185.015740,28.683642,0.002467,2.200000,25
15999,190,533.655029,100.000000,199.162485,42.682997,0.002655,2.355000,25
23999,188,457.915009,100.000000,213.483152,40.654044,0.002961,3.165000,35
31999,178,400.029999,100.000000,178.887128,34.123641,0.002482,3.175000,45
39999,171,348.119995,100.000000,251.423723,46.986279,0.003152,3.140000,55
47999,162,316.584991,100.000000,175.748229,37.766133,0.002428,2.855000,65
55999,156,244.529999,100.000000,168.833774,27.123328,0.002351,2.420000,75
63999,141,221.565002,100.000000,154.028045,40.908303,0.002186,3.375000,85
71999,153,195.164993,100.000000,206.678523,57.182121,0.002915,5.135000,95
79999,152,184.914993,100.000000,283.341804,123.865766,0.003622,8.160000,105
87999,143,204.229996,100.000000,224.305983,89.684161,0.003094,6.110000,115
95999,137,291.595001,100.000000,231.027044,97.970476,0.002982,5.640000,125
103999,145,234.225006,100.000000,238.968419,72.955424,0.003167,5.700000,135
111999,172,314.674988,100.000000,272.090407,110.164372,0.003721,7.075000,145
119999,186,344.795013,100.000000,328.366548,125.227501,0.004332,8.890000,155
127999,178,278.149994,100.000000,249.426524,87.403238,0.003555,5.985000,165
135999,172,234.800003,100.000000,299.615717,56.322971,0.003675,3.560000,175
143999,145,214.610001,100.000000,291.502455,62.414586,0.003471,3.980000,185
151999,138,212.820007,100.000000,269.879750,61.899741,0.003420,5.160000,195
159999,121,114.605003,100.000000,99.303205,32.268671,0.001685,2.175000,205
167999,134,185.115005,100.000000,312.837024,111.494845,0.003991,6.345000,215
175999,142,206.779999,100.000000,312.533855,112.852905,0.004136,7.030000,225
183999,167,221.630005,100.000000,318.445553,112.892424,0.004444,7.235000,235
191999,153,171.214996,100.000000,263.664315,103.612289,0.004026,7.550000,245
199999,163,191.304993,100.000000,332.953654,98.571222,0.004636,7.840000,255
207999,161,202.929993,100.000000,414.838542,128.308377,0.004905,8.850000,265
215999,144,143.720001,100.000000,336.055069,92.845147,0.004300,6.200000,275
223999,163,198.690002,100.000000,395.600340,121.832119,0.004812,8.060000,285
231999,158,182.080002,100.000000,374.182638,121.603814,0.004764,8.485000,295
239999,154,177.000000,100.000000,443.425524,147.368446,0.004957,10.230000,305
247999,147,170.800003,100.000000,454.044574,134.440227,0.004742,9.535000,315
255999,151,190.925003,100.000000,471.885448,151.557795,0.004836,10.600000,325
263999,113,146.289993,100.000000,345.789855,109.060764,0.003577,6.540000,335
271999,114,181.375000,100.000000,301.605366,109.559924,0.003081,6.040000,345
279999,101,133.725006,100.000000,306.147256,117.949304,0.003201,6.920000,355
287999,127,138.634995,100.000000,342.714268,103.273907,0.003494,5.995000,365
295999,114,73.675003,100.000000,322.435632,49.570160,0.003272,3.810000,375
303999,88,86.940002,100.000000,225.688441,45.014649,0.002256,3.225000,385
311999,56,29.260000,100.000000,226.277410,16.888801,0.001948,1.920000,395
319999,42,52.705002,100.000000,181.771798,21.487160,0.001705,2.120000,400
327999,72,42.860001,100.000000,257.593177,22.402655,0.002184,2.650000,400
335999,108,89.824997,100.000000,343.911782,36.771108,0.003183,2.650000,400
343999,108,114.040001,100.000000,322.849601,40.531789,0.003022,3.105000,400
351999,105,137.339996,100.000000,310.726626,129.703786,0.003873,7.035000,400
359999,116,132.455002,100.000000,183.178058,81.284771,0.003198,3.960000,400
367999,81,82.559998,100.000000,123.042994,55.323332,0.002326,3.490000,400
375999,78,110.735001,100.000000,184.765757,62.877171,0.002567,4.600000,400
383999,75,97.620003,100.000000,189.969704,50.832477,0.002301,4.075000,400
391999,58,42.950001,100.000000,193.089522,51.017152,0.002063,4.190000,400
399999,120,135.740005,100.000000,312.131613,53.385373,0.003778,5.250000,400
407999,153,171.274994,100.000000,431.798795,71.299563,0.004564,5.700000,400
415999,138,86.764999,100.000000,454.774291,28.724005,0.004122,2.555000,400
423999,140,141.649994,100.000000,314.894948,49.699689,0.003636,4.425000,400
431999,119,121.570000,100.000000,269.767550,63.522324,0.003116,5.050000,400
439999,91,61.790001,100.000000,257.021440,115.502533,0.003024,5.780000,400
447999,93,131.975006,100.000000,218.811806,75.046298,0.002592,4.635000,400
455999,105,75.014999,100.000000,321.168102,63.318518,0.003596,4.930000,400
463999,117,106.775002,100.000000,365.842785,55.559833,0.003823,4.090000,400
471999,143,166.610001,100.000000,334.264604,139.863137,0.004167,7.075000,400
479999,95,110.910004,100.000000,195.088354,58.579129,0.002562,3.490000,400
487999,153,149.000000,100.000000,430.703076,173.532254,0.004746,9.585000,400
495999,127,124.055000,100.000000,242.215803,56.551890,0.003368,3.235000,400
503999,131,101.514999,100.000000,254.314849,43.972256,0.003601,3.090000,400
511999,147,120.779999,100.000000,232.408872,59.361057,0.003661,3.475000,400
519999,164,135.490005,100.000000,333.940244,47.957275,0.004178,3.280000,400
527999,168,111.339996,100.000000,223.572838,35.024122,0.003091,2.615000,400
535999,149,113.029999,100.000000,214.829404,33.110761,0.002918,2.495000,400
543999,121,82.105003,100.000000,161.403701,30.312578,0.002492,2.395000,400
551999,66,36.230000,100.000000,262.542971,21.422112,0.002711,3.430000,400
559999,104,79.285004,100.000000,123.230922,31.862780,0.001924,3.360000,400
567999,95,89.300003,100.000000,132.161288,32.494964,0.001941,2.705000,400
575999,80,51.570000,100.000000,230.572672,26.725919,0.002662,2.970000,400
583999,125,126.275002,100.000000,292.601246,57.855028,0.003420,4.010000,400
591999,67,80.014999,100.000000,136.763603,34.663779,0.001958,4.810000,400
599999,135,175.360001,100.000000,364.402299,78.819570,0.004296,6.695000,400
607999,86,75.930000,100.000000,279.986159,68.348013,0.003240,5.490000,400
615999,90,96.949997,100.000000,339.373418,80.319291,0.003572,6.420000,400
623999,108,77.120003,100.000000,374.102735,70.922130,0.004135,5.220000,400
631999,5,1.025000,100.000000,160.864053,27.868594,0.002047,2.765000,400
639999,13,4.065000,100.000000,184.109309,67.345000,0.002507,6.225000,400
647999,96,85.589996,100.000000,158.828746,69.780001,0.002604,4.525000,400
655999,88,62.939999,100.000000,152.432182,52.274873,0.002479,3.970000,400
663999,111,87.805000,100.000000,302.645508,102.333330,0.003997,8.210000,400
671999,116,104.580002,100.000000,258.873556,89.322532,0.003886,7.180000,400
679999,107,95.230003,100.000000,239.184541,92.980539,0.003760,6.425000,400
687999,138,145.100006,100.000000,283.955271,119.568401,0.003932,7.025000,400
695999,151,169.035004,100.000000,408.875722,144.507993,0.004763,10.245000,400
703999,136,147.865005,100.000000,379.722802,183.270190,0.004356,8.875000,400
711999,151,150.895004,100.000000,396.167581,151.971443,0.004424,10.375000,400
719999,176,191.259995,100.000000,441.971460,163.942333,0.005097,10.535000,400
727999,155,167.330002,100.000000,370.667917,101.654536,0.004471,6.005000,400
735999,144,152.220001,100.000000,378.176051,104.991049,0.004499,6.155000,400
743999,159,164.014999,100.000000,444.638698,136.683051,0.004882,7.565000,400
751999,146,153.229996,100.000000,467.006712,123.707213,0.004951,8.070000,400
759999,133,133.960007,100.000000,443.480936,130.911687,0.004783,8.220000,400
767999,141,144.524994,100.000000,422.251998,146.086868,0.004670,8.920000,400
775999,140,132.279999,100.000000,386.656594,151.841583,0.004517,7.965000,400
783999,130,118.650002,100.000000,426.204553,123.045617,0.004939,8.885000,400
791999,133,137.125000,100.000000,426.254516,144.599408,0.004919,10.880000,400
799999,123,129.110001,100.000000,401.548410,154.675347,0.004688,10.020000,400
